x-coordinate,y-coordinate,pressure,x-velocity,y-velocity
0.0,-0.01,0.0,0.0,0.0
0.0001,-0.01,0.0,0.0,0.0
0.0002,-0.01,0.0,0.0,0.0
0.0003,-0.01,0.0,0.0,0.0
0.0004,-0.01,0.0,0.0,0.0
0.0005,-0.01,0.0,0.0,0.0
0.0006,-0.01,0.0,0.0,0.0
0.0007,-0.01,0.0,0.0,0.0
0.0008,-0.01,0.0,0.0,0.0
0.0009,-0.01,0.0,0.0,0.0
0.001,-0.01,0.0,0.0,0.0
0.0011,-0.01,0.0,0.0,0.0
0.0012,-0.01,0.0,0.0,0.0
0.0013,-0.01,0.0,0.0,0.0
0.0014,-0.01,0.0,0.0,0.0
0.0015,-0.01,0.0,0.0,0.0
0.0016,-0.01,0.0,0.0,0.0
0.0017,-0.01,0.0,0.0,0.0
0.0018,-0.01,0.0,0.0,0.0
0.0019,-0.01,0.0,0.0,0.0
0.002,-0.01,0.0,0.0,0.0
0.0021,-0.01,0.0,0.0,0.0
0.0022,-0.01,0.0,0.0,0.0
0.0023,-0.01,0.0,0.0,0.0
0.0024,-0.01,0.0,0.0,0.0
0.0025,-0.01,0.0,0.0,0.0
0.0026,-0.01,0.0,0.0,0.0
0.0027,-0.01,0.0,0.0,0.0
0.0028,-0.01,0.0,0.0,0.0
0.0029,-0.01,0.0,0.0,0.0
0.003,-0.01,0.0,0.0,0.0
0.0031,-0.01,0.0,0.0,0.0
0.0032,-0.01,0.0,0.0,0.0
0.0033,-0.01,0.0,0.0,0.0
0.0034,-0.01,0.0,0.0,0.0
0.0035,-0.01,0.0,0.0,0.0
0.0036,-0.01,0.0,0.0,0.0
0.0037,-0.01,0.0,0.0,0.0
0.0038,-0.01,0.0,0.0,0.0
0.0039,-0.01,0.0,0.0,0.0
0.004,-0.01,0.0,0.0,0.0
0.0041,-0.01,0.0,0.0,0.0
0.0042,-0.01,0.0,0.0,0.0
0.0043,-0.01,0.0,0.0,0.0
0.0044,-0.01,0.0,0.0,0.0
0.0045,-0.01,0.0,0.0,0.0
0.0046,-0.01,0.0,0.0,0.0
0.0047,-0.01,0.0,0.0,0.0
0.0048,-0.01,0.0,0.0,0.0
0.0049,-0.01,0.0,0.0,0.0
0.005,-0.01,0.0,0.0,0.0
0.0051,-0.01,0.0,0.0,0.0
0.0052,-0.01,0.0,0.0,0.0
0.0053,-0.01,0.0,0.0,0.0
0.0054,-0.01,0.0,0.0,0.0
0.0055,-0.01,0.0,0.0,0.0
0.0056,-0.01,0.0,0.0,0.0
0.0057,-0.01,0.0,0.0,0.0
0.0058,-0.01,0.0,0.0,0.0
0.0059,-0.01,0.0,0.0,0.0
0.006,-0.01,0.0,0.0,0.0
0.0061,-0.01,0.0,0.0,0.0
0.0062,-0.01,0.0,0.0,0.0
0.0063,-0.01,0.0,0.0,0.0
0.0064,-0.01,0.0,0.0,0.0
0.0065,-0.01,0.0,0.0,0.0
0.0066,-0.01,0.0,0.0,0.0
0.0067,-0.01,0.0,0.0,0.0
0.0068,-0.01,0.0,0.0,0.0
0.0069,-0.01,0.0,0.0,0.0
0.007,-0.01,0.0,0.0,0.0
0.0071,-0.01,0.0,0.0,0.0
0.0072,-0.01,0.0,0.0,0.0
0.0073,-0.01,0.0,0.0,0.0
0.0074,-0.01,0.0,0.0,0.0
0.0075,-0.01,0.0,0.0,0.0
0.0076,-0.01,0.0,0.0,0.0
0.0077,-0.01,0.0,0.0,0.0
0.0078,-0.01,0.0,0.0,0.0
0.0079,-0.01,0.0,0.0,0.0
0.008,-0.01,0.0,0.0,0.0
0.0081,-0.01,0.0,0.0,0.0
0.0082,-0.01,0.0,0.0,0.0
0.0083,-0.01,0.0,0.0,0.0
0.0084,-0.01,0.0,0.0,0.0
0.0085,-0.01,0.0,0.0,0.0
0.0086,-0.01,0.0,0.0,0.0
0.0087,-0.01,0.0,0.0,0.0
0.0088,-0.01,0.0,0.0,0.0
0.0089,-0.01,0.0,0.0,0.0
0.009,-0.01,0.0,0.0,0.0
0.0091,-0.01,0.0,0.0,0.0
0.0092,-0.01,0.0,0.0,0.0
0.0093,-0.01,0.0,0.0,0.0
0.0094,-0.01,0.0,0.0,0.0
0.0095,-0.01,0.0,0.0,0.0
0.0096,-0.01,0.0,0.0,0.0
0.0097,-0.01,0.0,0.0,0.0
0.0098,-0.01,0.0,0.0,0.0
0.0099,-0.01,0.0,0.0,0.0
0.01,-0.01,0.0,0.0,0.0
0.0,-0.0099,0.0,0.0,0.0
0.0001,-0.0099,16.067624924282228,8.94872261035941e-07,-8.474293254573119e-07
0.0002,-0.0099,16.067443543344012,6.4922640892116195e-06,-2.4866791625520815e-06
0.0003,-0.0099,16.067168884311904,1.2888761653582255e-05,-2.586935592565033e-06
0.0004,-0.0099,16.066229201637686,1.2163618950704013e-05,-4.229206568030499e-06
0.0005,-0.0099,16.065641117843068,1.3166450704245432e-05,-8.42585240461757e-06
0.0006,-0.0099,16.064535650997392,2.2628272271946492e-05,-5.522117926353599e-06
0.0007,-0.0099,16.06293183228736,1.824388659957475e-05,1.2310258962811861e-05
0.0008,-0.0099,16.061979465570886,4.102438372211682e-06,2.333942340235172e-05
0.0009,-0.0099,16.06033083571799,7.578455077060644e-07,1.1109213999235932e-05
0.001,-0.0099,16.0591909560246,-6.546122955905807e-06,-2.243690762089869e-06
0.0011,-0.0099,16.058322455093165,-1.1352987603548687e-05,-1.1447661669379685e-05
0.0012,-0.0099,16.056573467485194,-5.243426771070215e-06,-1.0945102067337944e-05
0.0013,-0.0099,16.054563523958905,-2.6338422938360404e-05,1.1208263692731118e-05
0.0014,-0.0099,16.053248672902004,-6.132650072502411e-05,2.436444953725049e-05
0.0015,-0.0099,16.052165745051536,-7.218589373222397e-05,2.297517367439133e-05
0.0016,-0.0099,16.0508229631535,-9.164278987454388e-05,2.566178605130677e-05
0.0017,-0.0099,16.04975008432111,-0.00012931273560298548,2.0193901252923455e-05
0.0018,-0.0099,16.049162500780035,-0.00016176015374000315,2.2807046851015292e-05
0.0019,-0.0099,16.048835938727855,-0.00017783753889666145,2.666665945182466e-05
0.002,-0.0099,16.04789177600905,-0.00018296724915294987,5.661112545198252e-06
0.0021,-0.0099,16.046495556125187,-0.00021869084936575916,2.067910718681145e-06
0.0022,-0.0099,16.046093829777316,-0.00027543086362721115,2.9897550792040007e-05
0.0023,-0.0099,16.04597656477164,-0.00030392137739363963,4.046806282995464e-05
0.0024,-0.0099,16.045455588980037,-0.00032877805186098496,2.995378799271574e-05
0.0025,-0.0099,16.045360257990907,-0.0003654169565159038,2.4698205559341846e-05
0.0026,-0.0099,16.04549617868463,-0.0003998694192162953,2.378623393918925e-05
0.0027,-0.0099,16.045623191707264,-0.000435123708532864,2.386953981853899e-05
0.0028,-0.0099,16.045637662763042,-0.0004692244675112978,2.3441931196143972e-05
0.0029,-0.0099,16.04560173972456,-0.0005023356378662712,2.2541432844278286e-05
0.003,-0.0099,16.045657337220074,-0.0005331618419558438,2.2450329312520487e-05
0.0031,-0.0099,16.046164692114807,-0.0005607917772007721,2.2123984064015104e-05
0.0032,-0.0099,16.04718583133656,-0.0005891409598612514,2.1038049953622155e-05
0.0033,-0.0099,16.048357629214593,-0.0006186162269743926,2.0204605485287537e-05
0.0034,-0.0099,16.049371747636467,-0.000649157816444495,2.069823236600118e-05
0.0035,-0.0099,16.05035859246327,-0.0006755372588331309,2.1282809724793852e-05
0.0036,-0.0099,16.051563661337536,-0.0007003205916083823,1.8714552277842196e-05
0.0037,-0.0099,16.05276365304707,-0.0007241881738150259,1.4574321849726401e-05
0.0038,-0.0099,16.053940855235645,-0.0007424567493135774,1.2717945388104735e-05
0.0039,-0.0099,16.055538495990668,-0.0007552847658361185,1.3505177155197311e-05
0.004,-0.0099,16.057818898335345,-0.0007617973780297704,8.675420498727554e-06
0.0041,-0.0099,16.05995442326502,-0.0007926405205140622,8.652976771517132e-06
0.0042,-0.0099,16.06172766420708,-0.0007984861793614893,1.0265995774532127e-05
0.0043,-0.0099,16.063976833828185,-0.0007970574931737856,6.240487826680148e-06
0.0044,-0.0099,16.066429591118062,-0.0008171711759720823,5.1842264816958275e-06
0.0045,-0.0099,16.0688689765068,-0.0008209225299922896,3.977517158935375e-06
0.0046,-0.0099,16.07144639290551,-0.0008274127675980624,2.8680077421510097e-06
0.0047,-0.0099,16.074099517875165,-0.0008313658137912227,1.3630323797901133e-06
0.0048,-0.0099,16.076845171229454,-0.0008346433697038995,3.633081150351064e-07
0.0049,-0.0099,16.079648968329952,-0.0008368044786357021,-2.281312510045176e-07
0.005,-0.0099,16.08249448116074,-0.0008383973888555054,-7.328125291227529e-07
0.0051,-0.0099,16.085394022651066,-0.0008390335013953385,-1.529944130972798e-06
0.0052,-0.0099,16.0883130647331,-0.0008385187752636252,-1.985959197513441e-06
0.0053,-0.0099,16.09121520734162,-0.0008371908188680221,-1.994968132242518e-06
0.0054,-0.0099,16.094116631420672,-0.0008350962971061048,-2.18889824490506e-06
0.0055,-0.0099,16.096998205325107,-0.0008320243882783583,-2.4646072406936167e-06
0.0056,-0.0099,16.099840273557678,-0.0008280831499513842,-2.7740248361778506e-06
0.0057,-0.0099,16.102627742725534,-0.0008232656830131471,-3.163335392148997e-06
0.0058,-0.0099,16.10534685164582,-0.000817495849638576,-3.683016799341139e-06
0.0059,-0.0099,16.10797855995246,-0.0008106979388992173,-4.35818673892312e-06
0.006,-0.0099,16.11051436715699,-0.0008018780850310672,-5.149486594203659e-06
0.0061,-0.0099,16.112938280536152,-0.0007929983502086241,-5.333320453530768e-06
0.0062,-0.0099,16.115230880008355,-0.000780348534977846,-6.9976529318927375e-06
0.0063,-0.0099,16.117477233992677,-0.0007642566511868465,-1.0689370982737997e-05
0.0064,-0.0099,16.119253627609798,-0.0007486240788861774,-1.3441789981910815e-05
0.0065,-0.0099,16.12058845545386,-0.0007243885346572416,-1.1235510193567518e-05
0.0066,-0.0099,16.12262773156068,-0.000695279583373604,-1.4956057041105147e-05
0.0067,-0.0099,16.124798216707195,-0.0006649097579748225,-2.4489417573619707e-05
0.0068,-0.0099,16.124898338285636,-0.0006577626191386443,-3.395125241224238e-05
0.0069,-0.0099,16.126388191893167,-0.000625934979732989,-1.5156608873772116e-05
0.007,-0.0099,16.12668093124685,-0.0005105661071971275,-2.496214947050464e-05
0.0071,-0.0099,16.12461021906357,-0.0005081138828031532,-5.8517194512066416e-05
0.0072,-0.0099,16.127361319877064,-0.000523540800518122,-2.0345479235238406e-05
0.0073,-0.0099,16.12687944425431,-0.00038695484253898737,-2.9262788991861447e-05
0.0074,-0.0099,16.123083101894217,-0.00037204541210723396,-6.010206856314495e-05
0.0075,-0.0099,16.125137492912753,-0.00036406189112279334,-3.656733964620158e-05
0.0076,-0.0099,16.123670199740612,-0.00023593747919401073,-2.7195849468386176e-05
0.0077,-0.0099,16.120057923929902,-0.00021382769619747926,-4.343257382720016e-05
0.0078,-0.0099,16.120811332462043,-0.00018819720735944122,-5.440145558319632e-05
0.0079,-0.0099,16.118284745688864,-0.000100861997743733,-3.5116563600296106e-05
0.008,-0.0099,16.11448785016857,-6.64661866155899e-05,-1.7846381549668845e-05
0.0081,-0.0099,16.112798040017942,-3.7936713681694224e-05,-1.7739688086614505e-05
0.0082,-0.0099,16.110628357815166,-2.052273282282329e-06,-2.4654690466005878e-05
0.0083,-0.0099,16.10889073377909,2.405277574540806e-05,-2.9245859828273514e-05
0.0084,-0.0099,16.106963569544956,5.3588330668963486e-05,-2.3274754476749666e-05
0.0085,-0.0099,16.1043846700893,7.438806783845788e-05,-9.361761705552908e-06
0.0086,-0.0099,16.10223524228326,8.911561319918204e-05,-3.030001840343026e-06
0.0087,-0.0099,16.099420239650744,0.0001007499840916295,-3.7234700111129067e-06
0.0088,-0.0099,16.097031807330215,0.00010160235214469357,-2.8806045820987394e-06
0.0089,-0.0099,16.095570232498243,0.00010017033841967695,8.292608131626065e-07
0.009,-0.0099,16.09401480080399,9.656861278327982e-05,4.764986637067541e-06
0.0091,-0.0099,16.092476434810358,8.985157560266065e-05,7.156325544571969e-06
0.0092,-0.0099,16.090979670480696,8.10915030214442e-05,8.966019972011575e-06
0.0093,-0.0099,16.089733697550685,6.966521438369818e-05,1.0264074467029157e-05
0.0094,-0.0099,16.088736528541393,5.5426484320232324e-05,1.0642504395754186e-05
0.0095,-0.0099,16.08800870822885,4.371407611451322e-05,1.085918080930561e-05
0.0096,-0.0099,16.087575755510546,3.0196801295494486e-05,1.0371529386123183e-05
0.0097,-0.0099,16.08732175779719,1.6758176682672674e-05,8.205071787556316e-06
0.0098,-0.0099,16.087282570191473,9.021749843587891e-06,5.706741048323477e-06
0.0099,-0.0099,16.087363351267175,2.755866565573445e-06,2.7893948338970436e-06
0.01,-0.0099,0.0,0.0,0.0
0.0,-0.0098,0.0,0.0,0.0
0.0001,-0.0098,16.067817091946967,2.684608981195009e-06,-6.510268922433135e-06
0.0002,-0.0098,16.067640710814025,1.05623573069143e-05,-1.017665635819458e-05
0.0003,-0.0098,16.067250267262544,1.708043147685659e-05,-9.079103824114407e-06
0.0004,-0.0098,16.066338704838813,1.5215208486224984e-05,-7.710447786732589e-06
0.0005,-0.0098,16.065986918063658,1.4781504954880962e-05,-4.101851785947582e-06
0.0006,-0.0098,16.065174863202348,2.8312888432669835e-05,2.1893976384686157e-06
0.0007,-0.0098,16.063165343942405,1.633265739463995e-05,1.1925887012400537e-05
0.0008,-0.0098,16.062342868145883,-1.5624878129819915e-05,1.3476561914874495e-05
0.0009,-0.0098,16.06175920783249,-4.302973792668274e-06,1.787703368765494e-05
0.001,-0.0098,16.059803574470166,-9.59783021110567e-06,2.8834077431508585e-05
0.0011,-0.0098,16.058421831774606,-5.027549008213933e-05,1.3399606680088441e-05
0.0012,-0.0098,16.057281335726085,-6.425987893389024e-05,3.8211266436143944e-08
0.0013,-0.0098,16.05552625593323,-0.00010187411907627549,2.0680494675777834e-05
0.0014,-0.0098,16.054596058722996,-0.0001478199052068526,5.487032068940966e-05
0.0015,-0.0098,16.053416359954575,-0.00016621586456945346,7.546997894371211e-05
0.0016,-0.0098,16.05201887507941,-0.00021783846824703163,7.797157610617462e-05
0.0017,-0.0098,16.051470918289553,-0.00027502886483365355,5.9567408147752636e-05
0.0018,-0.0098,16.050643599265754,-0.00031016761761871016,4.879882654462368e-05
0.0019,-0.0098,16.049549918502425,-0.0003655126853695014,5.415409117929535e-05
0.002,-0.0098,16.049023174375723,-0.0004265263796344542,4.6393638303220766e-05
0.0021,-0.0098,16.048368475966715,-0.0004821767454465189,5.381619630271739e-05
0.0022,-0.0098,16.04769195123305,-0.0005491987892261635,8.461664757340815e-05
0.0023,-0.0098,16.047336994947376,-0.0006116428900994043,9.16967328385067e-05
0.0024,-0.0098,16.047023275831663,-0.0006709268060598248,7.887104137052881e-05
0.0025,-0.0098,16.046785211956408,-0.0007345919394791739,7.51332419599349e-05
0.0026,-0.0098,16.046654269731473,-0.0007983050302841356,7.644851006286437e-05
0.0027,-0.0098,16.046697802095668,-0.0008620452777367307,7.648626815037094e-05
0.0028,-0.0098,16.04693735286334,-0.0009241299903506498,7.265769095149112e-05
0.0029,-0.0098,16.04734906500685,-0.0009841452993800287,6.559732112314061e-05
0.003,-0.0098,16.04783458846237,-0.0010416740662522387,5.8340190788835956e-05
0.0031,-0.0098,16.048311692855187,-0.0010966515243708422,5.645502248054251e-05
0.0032,-0.0098,16.048783587020825,-0.0011500114860911884,6.08405221555499e-05
0.0033,-0.0098,16.0493407022349,-0.0012024054437559423,6.666221680196353e-05
0.0034,-0.0098,16.050087975988884,-0.0012532019720201627,6.83870929461605e-05
0.0035,-0.0098,16.05107383800301,-0.0013007661989704296,6.583107672039198e-05
0.0036,-0.0098,16.05230338957891,-0.0013451557860159882,6.030457791556605e-05
0.0037,-0.0098,16.053768567137457,-0.0013860158970364065,4.738260306639802e-05
0.0038,-0.0098,16.055396445967936,-0.0014226953735261547,3.0365149798953256e-05
0.0039,-0.0098,16.057056025012272,-0.0014555456140813486,2.3018723851083147e-05
0.004,-0.0098,16.058734610040084,-0.0014875833222539035,3.3841814892421814e-05
0.0041,-0.0098,16.060559038534752,-0.0015203430543157346,3.382469622463622e-05
0.0042,-0.0098,16.062564884039205,-0.0015487452693561834,2.0451471300980283e-05
0.0043,-0.0098,16.064729736988756,-0.0015749927854311462,1.7759860488536955e-05
0.0044,-0.0098,16.066990044541722,-0.0016003878467962386,1.759420489994023e-05
0.0045,-0.0098,16.069348015090895,-0.0016236543814143873,1.6521179889056355e-05
0.0046,-0.0098,16.071839158514305,-0.0016443628782561019,1.4255213985223954e-05
0.0047,-0.0098,16.074412293201817,-0.0016616130097867787,1.1071875104478644e-05
0.0048,-0.0098,16.077051010079636,-0.00167676691647679,8.513180264289455e-06
0.0049,-0.0098,16.079739561351307,-0.0016894498243861147,6.2471801395059965e-06
0.005,-0.0098,16.082468094289144,-0.0016995299833224716,4.0217991114534625e-06
0.0051,-0.0098,16.085224673486056,-0.0017060100879930733,1.8586181842349417e-06
0.0052,-0.0098,16.088024211544294,-0.0017088470787495953,-8.785980149560539e-07
0.0053,-0.0098,16.090836991032692,-0.0017078226268316657,-3.972321815487075e-06
0.0054,-0.0098,16.09362457172361,-0.001702304108214134,-6.730932380534059e-06
0.0055,-0.0098,16.096388017333215,-0.0016926182903978645,-9.521789725343678e-06
0.0056,-0.0098,16.099114795571293,-0.001678470224324548,-1.2458329973603693e-05
0.0057,-0.0098,16.101789145505588,-0.0016602334588038219,-1.5618147927982714e-05
0.0058,-0.0098,16.10439992216698,-0.0016377723577876233,-1.8997829532336032e-05
0.0059,-0.0098,16.106931620710547,-0.0016110516135571563,-2.2696972080560497e-05
0.006,-0.0098,16.109370641069148,-0.001579365504725731,-2.6502251593801183e-05
0.0061,-0.0098,16.111681268959135,-0.0015443259088967298,-3.0435148209192764e-05
0.0062,-0.0098,16.113856351125563,-0.0015024846577440017,-3.616559651154963e-05
0.0063,-0.0098,16.11594927660821,-0.0014546833407970733,-4.29968447653208e-05
0.0064,-0.0098,16.117909381002598,-0.0014048433629974529,-5.194051008068634e-05
0.0065,-0.0098,16.119639220153193,-0.0013475935267407996,-6.308680690508145e-05
0.0066,-0.0098,16.121006636342496,-0.0012847843650803782,-6.304758533357232e-05
0.0067,-0.0098,16.122188977654183,-0.0012195337742006217,-5.9276300146550713e-05
0.0068,-0.0098,16.12319347759227,-0.0011590684420533536,-8.175132705803896e-05
0.0069,-0.0098,16.124372816684403,-0.001084313143992385,-8.575002700149834e-05
0.007,-0.0098,16.124925827944868,-0.0009779782396812872,-9.305800189706028e-05
0.0071,-0.0098,16.124414973617696,-0.0009113027001429937,-0.00011659707435459607
0.0072,-0.0098,16.12461129435094,-0.000859904836017794,-9.186537890782228e-05
0.0073,-0.0098,16.124823723442105,-0.0007360491214545648,-9.907263346764362e-05
0.0074,-0.0098,16.123073487054576,-0.0006593794685196997,-0.00012566161631955437
0.0075,-0.0098,16.122876629351477,-0.0005988458803957266,-0.00010226454910746563
0.0076,-0.0098,16.121568425007197,-0.0004593268071819837,-0.00010338214304400934
0.0077,-0.0098,16.11883435081139,-0.0003989856588173344,-0.00012529391805920945
0.0078,-0.0098,16.119064127981456,-0.0003408332937853589,-0.00011541115077057237
0.0079,-0.0098,16.116778586719867,-0.0002201271732249051,-9.25890327701471e-05
0.008,-0.0098,16.113761284986456,-0.00016394534316026515,-7.960879567502751e-05
0.0081,-0.0098,16.112420951676246,-0.00010012873592828576,-8.298897007534961e-05
0.0082,-0.0098,16.109570657333965,-2.6926616479642e-05,-7.143871982327376e-05
0.0083,-0.0098,16.10746150628779,1.0432013351460126e-05,-5.6871040376147824e-05
0.0084,-0.0098,16.105593705032206,6.059577426243361e-05,-5.0212565363966146e-05
0.0085,-0.0098,16.102794344041662,9.488151144750962e-05,-4.0542541003567146e-05
0.0086,-0.0098,16.101877612702904,0.00011672345232014049,-2.9558307781469755e-05
0.0087,-0.0098,16.10007566875518,0.00014367634730850745,-1.1741700542539893e-05
0.0088,-0.0098,16.09723089001897,0.00015785203467087294,-2.1723288970440318e-06
0.0089,-0.0098,16.09508915426859,0.00016299109988504725,4.296930488147579e-06
0.009,-0.0098,16.093236105176164,0.00015537655136891243,1.043629332192997e-05
0.0091,-0.0098,16.092089099169378,0.00014347063853491955,1.5504385714042472e-05
0.0092,-0.0098,16.090884301245286,0.00013248079002182024,2.1512827764453532e-05
0.0093,-0.0098,16.08971603498585,0.00011595445078891204,2.618857127223482e-05
0.0094,-0.0098,16.088755407748152,9.528627909415589e-05,2.8095233581758097e-05
0.0095,-0.0098,16.088089987383995,7.357261285488921e-05,2.834588214683974e-05
0.0096,-0.0098,16.087631004355067,5.242157153145648e-05,2.7200278505150796e-05
0.0097,-0.0098,16.087386204963106,3.270845196965134e-05,2.3255973796027085e-05
0.0098,-0.0098,16.08736074180151,1.667216228189586e-05,1.67753517329272e-05
0.0099,-0.0098,16.087440668558013,5.657710197809739e-06,8.927335661918038e-06
0.01,-0.0098,0.0,0.0,0.0
0.0,-0.0097,0.0,0.0,0.0
0.0001,-0.0097,16.06807118851756,3.277778277683211e-06,-1.3640822876136745e-05
0.0002,-0.0097,16.067990728572887,9.856266438921676e-06,-1.7206861051965183e-05
0.0003,-0.0097,16.067588732977004,1.2322348620090439e-05,-1.233671457374381e-05
0.0004,-0.0097,16.067032402429916,1.1183866227787658e-05,-6.892004380993162e-06
0.0005,-0.0097,16.06656670266304,1.3850948621239664e-05,2.2183506524684515e-06
0.0006,-0.0097,16.06547374901698,2.0102748488552122e-05,7.090901082867584e-06
0.0007,-0.0097,16.06374688075272,-6.209422542772033e-06,1.1042971148279572e-05
0.0008,-0.0097,16.063273973165767,-3.803177029940467e-05,2.175789754734488e-05
0.0009,-0.0097,16.062414610732656,-2.524262616879615e-05,3.874995734514084e-05
0.001,-0.0097,16.06030909627491,-5.312982053551791e-05,5.1262314998851626e-05
0.0011,-0.0097,16.0591899804695,-0.0001098001344077182,5.591094470146792e-05
0.0012,-0.0097,16.058009001813666,-0.0001453723039196555,5.7307733682975476e-05
0.0013,-0.0097,16.05695015251294,-0.0002011398592581944,6.102770296071485e-05
0.0014,-0.0097,16.05629372681668,-0.00025089890975190656,8.832377157033094e-05
0.0015,-0.0097,16.055183579177168,-0.00029063614072270653,0.00011790645269421868
0.0016,-0.0097,16.053981923888287,-0.0003575763825738949,0.00012378917230257769
0.0017,-0.0097,16.053078675601686,-0.00043284456596620965,0.0001153801087854648
0.0018,-0.0097,16.05212823224972,-0.00050117981867753,0.00011262315874754957
0.0019,-0.0097,16.05113014484059,-0.0005803521338881865,0.0001227246296410765
0.002,-0.0097,16.050413105443905,-0.0006697243455517862,0.00013377372401923233
0.0021,-0.0097,16.04996264217625,-0.0007603110865000596,0.00013928270581730641
0.0022,-0.0097,16.049652191937735,-0.0008471926325296236,0.00014868164525232348
0.0023,-0.0097,16.04928405598143,-0.0009292582529532827,0.0001547835118461724
0.0024,-0.0097,16.048939036405653,-0.0010154440688312106,0.00015273166466109341
0.0025,-0.0097,16.048733071921017,-0.0011051878168394044,0.00015081476036795427
0.0026,-0.0097,16.04864709522576,-0.0011937950297766582,0.0001497148891640061
0.0027,-0.0097,16.048640137414136,-0.0012805596895522093,0.00014818316040964303
0.0028,-0.0097,16.048689600453923,-0.001365179185882808,0.00014546642208633178
0.0029,-0.0097,16.048826172187926,-0.001447956810430811,0.00014170067519661395
0.003,-0.0097,16.049101110718546,-0.0015290057315584062,0.0001372069192540168
0.0031,-0.0097,16.049576190779497,-0.0016078662006337222,0.0001325482125445364
0.0032,-0.0097,16.050259669388844,-0.0016835602755374368,0.0001279905724773967
0.0033,-0.0097,16.051094691050512,-0.0017554894250216431,0.00012289059165182233
0.0034,-0.0097,16.05202015049579,-0.0018238637883747604,0.00011655564527381708
0.0035,-0.0097,16.05301811320989,-0.0018891625236361236,0.00010907968443929118
0.0036,-0.0097,16.054101202960265,-0.0019517080322450906,0.00010124931973676965
0.0037,-0.0097,16.055277977386616,-0.002012176181398801,9.40793205294198e-05
0.0038,-0.0097,16.056587208225853,-0.0020718802365192225,8.780572997095363e-05
0.0039,-0.0097,16.058080574642812,-0.0021309398311761957,8.175157179346197e-05
0.004,-0.0097,16.05977380947154,-0.002187342311811959,7.485897637968762e-05
0.0041,-0.0097,16.061612361523014,-0.002239483336616866,6.777999928967796e-05
0.0042,-0.0097,16.06354588713807,-0.0022914242576293114,6.571208022044343e-05
0.0043,-0.0097,16.06559954195058,-0.002342971342067993,6.6586361208001e-05
0.0044,-0.0097,16.067769730633934,-0.0023897768282141628,6.100070451664556e-05
0.0045,-0.0097,16.07004367613348,-0.002432034963916567,5.169788903525647e-05
0.0046,-0.0097,16.07241291015017,-0.002470110801768924,4.370371521487971e-05
0.0047,-0.0097,16.07484606611665,-0.0025042879641251014,3.5505323074366365e-05
0.0048,-0.0097,16.07733159716361,-0.0025339639075741267,2.7792781455118152e-05
0.0049,-0.0097,16.079876109953563,-0.0025580197652782426,2.1307830319622456e-05
0.005,-0.0097,16.08248177170577,-0.0025748076752521044,1.44501937611199e-05
0.0051,-0.0097,16.085106966472278,-0.0025838388243716306,6.3289427487714955e-06
0.0052,-0.0097,16.087757015515674,-0.0025850511892889323,-2.1451367456224826e-06
0.0053,-0.0097,16.09042934729569,-0.002577631605699918,-1.0749595981357108e-05
0.0054,-0.0097,16.093078766877447,-0.0025612712422162422,-1.9675282105883227e-05
0.0055,-0.0097,16.095701481714684,-0.0025362023269384837,-2.8864639758253996e-05
0.0056,-0.0097,16.098291281613864,-0.002502586345511192,-3.8314810297099126e-05
0.0057,-0.0097,16.10083123918507,-0.0024611729470431307,-4.799700332626261e-05
0.0058,-0.0097,16.10330864977999,-0.002412166392387211,-5.781555147113207e-05
0.0059,-0.0097,16.10571172915795,-0.0023558949745326827,-6.775062135162789e-05
0.006,-0.0097,16.108031243206547,-0.0022919825918002908,-7.785577186529937e-05
0.0061,-0.0097,16.11023389984723,-0.0022208998637569454,-8.901930065900981e-05
0.0062,-0.0097,16.11229925647672,-0.0021424887150192267,-0.00010012942793392963
0.0063,-0.0097,16.11425068927738,-0.002058146474131304,-0.00011056787140847066
0.0064,-0.0097,16.116047882848232,-0.001968673704432362,-0.0001219166672707106
0.0065,-0.0097,16.117681548388507,-0.0018745844435057255,-0.00013339159220821737
0.0066,-0.0097,16.119190573085472,-0.0017766673555879935,-0.0001447113721097601
0.0067,-0.0097,16.12050543263128,-0.0016709905248363309,-0.00015509866984262196
0.0068,-0.0097,16.121409915487867,-0.001564957192578818,-0.00017030041751433752
0.0069,-0.0097,16.122048044537937,-0.00145747173814123,-0.00017888771547080974
0.007,-0.0097,16.122580326362012,-0.0013423840595082818,-0.0001855728078559183
0.0071,-0.0097,16.122831688599994,-0.0012334147028237564,-0.00020140228664175498
0.0072,-0.0097,16.12256733271439,-0.001124695512694679,-0.00020638221355854706
0.0073,-0.0097,16.12237817632857,-0.001004580437793053,-0.00020609243793255573
0.0074,-0.0097,16.121979815753853,-0.000892427569915519,-0.00020879733270220206
0.0075,-0.0097,16.120884533114317,-0.0007823622111850502,-0.00020321492298213355
0.0076,-0.0097,16.119422078032212,-0.0006563514509616882,-0.0002155199572849469
0.0077,-0.0097,16.117473584986094,-0.0005586401157603151,-0.00021959699835536408
0.0078,-0.0097,16.116434045441927,-0.0004635338284917265,-0.0001895961518636892
0.0079,-0.0097,16.11478490155135,-0.00033951917085102196,-0.00018049985420821472
0.008,-0.0097,16.112559503335014,-0.00027182168948498625,-0.00017337802490226194
0.0081,-0.0097,16.11199963533362,-0.00017769667809589972,-0.00015263236148624297
0.0082,-0.0097,16.1082844107077,-7.310772627619456e-05,-0.00012598809116910926
0.0083,-0.0097,16.10589160477181,-4.003575845641465e-05,-0.00012314675393906198
0.0084,-0.0097,16.10485560553032,2.6246174972609378e-05,-0.00010207096493517364
0.0085,-0.0097,16.101570962361535,8.702528752098306e-05,-6.875442381206621e-05
0.0086,-0.0097,16.09997339171875,0.00012147059897330253,-5.074888199154094e-05
0.0087,-0.0097,16.098491626937953,0.0001404441801861726,-3.454026837655899e-05
0.0088,-0.0097,16.097731684552866,0.00015995733036335078,-2.8274334683268384e-05
0.0089,-0.0097,16.095323242099628,0.00019086705465044357,-6.031257562202235e-07
0.009,-0.0097,16.09244077911557,0.00018338198763284718,2.052701090719076e-05
0.0091,-0.0097,16.091896004482805,0.00016796827900305672,2.9940717507823787e-05
0.0092,-0.0097,16.090889675150024,0.00016066852023193288,3.7862707873815416e-05
0.0093,-0.0097,16.089478195227716,0.00014320051151618814,4.5360820654570164e-05
0.0094,-0.0097,16.088614898553107,0.00011830108009120899,5.071854775860063e-05
0.0095,-0.0097,16.088025881112443,9.258316703708401e-05,5.255711402971981e-05
0.0096,-0.0097,16.087611794411995,6.761093217858985e-05,5.000125221872561e-05
0.0097,-0.0097,16.08735470304154,4.259576191527543e-05,4.353345781027959e-05
0.0098,-0.0097,16.08733303620519,2.2645135914711442e-05,3.259678170103348e-05
0.0099,-0.0097,16.08739676729766,8.07544353930169e-06,1.6723457093313394e-05
0.01,-0.0097,0.0,0.0,0.0
0.0,-0.0096,0.0,0.0,0.0
0.0001,-0.0096,16.069099766313247,5.48848806921296e-06,-1.1501469867830388e-05
0.0002,-0.0096,16.06887683133549,7.928247003761885e-06,-1.2792726423606532e-05
0.0003,-0.0096,16.068108259837356,5.303303412835187e-06,-9.59980682591802e-06
0.0004,-0.0096,16.06764672930192,8.407570732071374e-06,-7.363817650744194e-06
0.0005,-0.0096,16.066945286325357,6.173502136623077e-07,1.8980070813069504e-06
0.0006,-0.0096,16.065967709013872,-1.1330694865078605e-05,1.653598317721342e-05
0.0007,-0.0096,16.064856196404342,-3.934667868136729e-05,3.510097412513186e-05
0.0008,-0.0096,16.06418116526165,-6.377447576887238e-05,6.459805184400747e-05
0.0009,-0.0096,16.06292521543593,-7.34589184415929e-05,7.617118165738334e-05
0.001,-0.0096,16.061392383793486,-0.00012239895605185386,7.004484730794082e-05
0.0011,-0.0096,16.060514707534498,-0.00018011834403137435,8.486628058179354e-05
0.0012,-0.0096,16.05925710361641,-0.0002324023223657782,0.00010821362929183067
0.0013,-0.0096,16.058204223563088,-0.000304313978887907,0.00013035459960437213
0.0014,-0.0096,16.05727645971362,-0.00037484310120760396,0.00015676887402011884
0.0015,-0.0096,16.05637402846116,-0.0004442465109608638,0.00017984849248611526
0.0016,-0.0096,16.055397241410514,-0.0005228394303745437,0.00019654903490945826
0.0017,-0.0096,16.05437943985353,-0.0006138237084572981,0.00020502041844579395
0.0018,-0.0096,16.053500680232098,-0.0007137972852110227,0.00020847611884605163
0.0019,-0.0096,16.05281131600766,-0.0008193897472476746,0.00021543224197689167
0.002,-0.0096,16.052218555964753,-0.0009272199247932777,0.00022535231917268143
0.0021,-0.0096,16.051671781530082,-0.0010371583677089903,0.0002368912326420449
0.0022,-0.0096,16.051220509950575,-0.0011473302831723677,0.0002492525857498439
0.0023,-0.0096,16.05086104049101,-0.0012555888549697076,0.00025454929989330075
0.0024,-0.0096,16.050583474086306,-0.0013647234557640773,0.0002533741951885328
0.0025,-0.0096,16.0503876292336,-0.0014748070888227587,0.0002510763351922157
0.0026,-0.0096,16.050278395008508,-0.0015839219576947016,0.0002484138871350387
0.0027,-0.0096,16.050267645875643,-0.001691176971906868,0.00024456975205416486
0.0028,-0.0096,16.050360457764324,-0.001796154167018101,0.00023892258505629082
0.0029,-0.0096,16.05056661819997,-0.0018988462482291447,0.00023177192530133835
0.003,-0.0096,16.050893198201315,-0.0019991988686319795,0.00022402870036348013
0.0031,-0.0096,16.05133544833949,-0.002097084920623932,0.00021689405777029856
0.0032,-0.0096,16.05189366662579,-0.0021922839612374054,0.00021063927684368468
0.0033,-0.0096,16.05257823360732,-0.002284779745434765,0.00020431505420671198
0.0034,-0.0096,16.053395079796086,-0.0023749393310021657,0.00019678706536928504
0.0035,-0.0096,16.054338478185894,-0.0024633491048192757,0.0001878425051561198
0.0036,-0.0096,16.05540572111179,-0.002550697662933069,0.0001780575369081795
0.0037,-0.0096,16.056611414311114,-0.0026373794681833745,0.00016796885618368206
0.0038,-0.0096,16.05794903877989,-0.0027234906804263466,0.00015861455124373686
0.0039,-0.0096,16.05939662865153,-0.002808438733330551,0.00015118912374815536
0.004,-0.0096,16.060940915211596,-0.002891878239672727,0.00014704160822562047
0.0041,-0.0096,16.062661056532033,-0.0029722496062258353,0.00013980291335086257
0.0042,-0.0096,16.064572013105856,-0.0030511438521843366,0.00012906496222762068
0.0043,-0.0096,16.066546738736513,-0.0031256824161974557,0.00012292738752445133
0.0044,-0.0096,16.06858461805962,-0.003192632336643933,0.00011212541614954999
0.0045,-0.0096,16.070729560001816,-0.0032531906529722895,9.579915627603336e-05
0.0046,-0.0096,16.07296515530193,-0.003307331766346079,8.299896317482517e-05
0.0047,-0.0096,16.075268730903876,-0.0033557431035269574,7.202465201060569e-05
0.0048,-0.0096,16.077628081849248,-0.003395124895009545,5.999282949341176e-05
0.0049,-0.0096,16.080054910800033,-0.0034218806001855197,4.4625155361115886e-05
0.005,-0.0096,16.08255078551989,-0.003435797132230134,2.6874886442115946e-05
0.0051,-0.0096,16.085093404947227,-0.0034380575291485006,8.420066191087947e-06
0.0052,-0.0096,16.087630352101005,-0.0034276188462960713,-1.0257779657045637e-05
0.0053,-0.0096,16.090153236706602,-0.0034042927910826614,-2.9438355353414065e-05
0.0054,-0.0096,16.092675747836903,-0.0033681907504031234,-4.91998449932658e-05
0.0055,-0.0096,16.09517856767172,-0.003319633643311723,-6.889901473657058e-05
0.0056,-0.0096,16.097651842137306,-0.0032592957911566638,-8.843075762833395e-05
0.0057,-0.0096,16.100076971200163,-0.003188648105430721,-0.00010790088899119985
0.0058,-0.0096,16.102437681732482,-0.0031086463385069955,-0.00012693626123906745
0.0059,-0.0096,16.10472380958492,-0.0030195949588074436,-0.00014550751432308587
0.006,-0.0096,16.10692620126598,-0.0029214101632704446,-0.00016388201997150894
0.0061,-0.0096,16.10902732343092,-0.002815324373452182,-0.00018180707326386403
0.0062,-0.0096,16.111009527559016,-0.002702194357693816,-0.0001991148509701333
0.0063,-0.0096,16.11287061646344,-0.002582753209631407,-0.00021583570190027005
0.0064,-0.0096,16.114606583679226,-0.0024581425111656085,-0.00023234469170782198
0.0065,-0.0096,16.116191492306136,-0.0023290936269970354,-0.00024832712656862506
0.0066,-0.0096,16.117551247809917,-0.00219653924747766,-0.0002625517081518943
0.0067,-0.0096,16.118697292596153,-0.002060315941722192,-0.00027598785563079343
0.0068,-0.0096,16.119649047650302,-0.0019232413414044173,-0.00029188928853897313
0.0069,-0.0096,16.120371234113705,-0.0017860928793433776,-0.00030520394195007966
0.007,-0.0096,16.12086470144731,-0.0016463658826535372,-0.00031507558717759415
0.0071,-0.0096,16.121051623006732,-0.0015077111725108673,-0.0003234029656765259
0.0072,-0.0096,16.120915297048075,-0.0013690383474399118,-0.0003310069418415004
0.0073,-0.0096,16.120477937396014,-0.0012318192159713926,-0.00033524856628966665
0.0074,-0.0096,16.120012367931366,-0.0010991716094681475,-0.0003314900788595745
0.0075,-0.0096,16.119090768176214,-0.0009618791186349963,-0.00032846932811907083
0.0076,-0.0096,16.117667321285623,-0.0008317853901751823,-0.0003305087740261112
0.0077,-0.0096,16.116519077885314,-0.0007105345319445175,-0.00033035193993011345
0.0078,-0.0096,16.114925415580466,-0.0005871278967942025,-0.0003145452400599986
0.0079,-0.0096,16.113154323454605,-0.0004634468909314839,-0.0002916779313835977
0.008,-0.0096,16.11104629080371,-0.0003755861075834762,-0.00026330909634385746
0.0081,-0.0096,16.109907312968804,-0.0002595328913696553,-0.0002293756475754118
0.0082,-0.0096,16.106668104065342,-0.000163064826267237,-0.0002081181514463625
0.0083,-0.0096,16.105248294698033,-0.0001058804198600568,-0.00018996940361978252
0.0084,-0.0096,16.103635104356858,-2.71199928031918e-05,-0.00015265660765242917
0.0085,-0.0096,16.102199516025042,3.441960352260987e-05,-0.00013328650295875875
0.0086,-0.0096,16.099087751820143,0.00011957147347960151,-9.985620112543076e-05
0.0087,-0.0096,16.094734265233637,0.00011916982668952968,-5.002199437884107e-05
0.0088,-0.0096,16.097155480235752,0.00012094893710749041,-3.407886723817046e-05
0.0089,-0.0096,16.09530790278181,0.00018725347863887503,-1.5265682966912093e-05
0.009,-0.0096,16.09190014784205,0.0001856936385192435,1.2064312071526903e-05
0.0091,-0.0096,16.091644819798884,0.00017104015045569176,3.7256551403185614e-05
0.0092,-0.0096,16.09078257621116,0.00016726617207896068,5.487034687004394e-05
0.0093,-0.0096,16.08930837595057,0.00015235378701462842,6.758391130487552e-05
0.0094,-0.0096,16.08830360025296,0.00012801058358567118,7.617333528779773e-05
0.0095,-0.0096,16.087724771947816,0.00010133617196625774,7.905815715062125e-05
0.0096,-0.0096,16.087330561359316,7.476801934160708e-05,7.686823844784633e-05
0.0097,-0.0096,16.087078152746653,4.770807484645241e-05,6.807784164407825e-05
0.0098,-0.0096,16.08708198095278,2.6381051908011e-05,5.172318741758107e-05
0.0099,-0.0096,16.08712713090573,9.547653409923016e-06,2.878363761023394e-05
0.01,-0.0096,0.0,0.0,0.0
0.0,-0.0095,0.0,0.0,0.0
0.0001,-0.0095,16.06952807758071,8.689014631271754e-06,-1.6271516100749892e-05
0.0002,-0.0095,16.069032173742837,3.1313172455132467e-06,-2.3541238535687083e-05
0.0003,-0.0095,16.06862509334904,-4.463713616753147e-06,-2.5319179154057847e-05
0.0004,-0.0095,16.068318201803784,-4.7212468839407924e-06,-5.107612166700107e-06
0.0005,-0.0095,16.067555219563566,-2.6416477698488214e-05,2.1575177110299377e-05
0.0006,-0.0095,16.066736125188797,-4.7000527940538783e-05,4.305369272171599e-05
0.0007,-0.0095,16.065930573389384,-7.362280497894697e-05,6.021090355665668e-05
0.0008,-0.0095,16.06489394420688,-0.00010635401277614241,8.027704012195658e-05
0.0009,-0.0095,16.063784037221993,-0.0001438285146567471,0.0001045873412884766
0.001,-0.0095,16.062568630490645,-0.00019963005358075746,0.00013014165855040354
0.0011,-0.0095,16.061470630048355,-0.00026773881044831117,0.0001571443900201111
0.0012,-0.0095,16.060420817805515,-0.0003401700766796512,0.00018181137087999413
0.0013,-0.0095,16.059399579254094,-0.0004232140835459676,0.0002098488055360174
0.0014,-0.0095,16.05840055132998,-0.000512422125116188,0.0002392025146397455
0.0015,-0.0095,16.057492925114612,-0.0006075057187909598,0.0002681168509995519
0.0016,-0.0095,16.056656082955243,-0.0007090317293818441,0.00029109633684863765
0.0017,-0.0095,16.055827175976493,-0.0008189228637340595,0.00030658848119854536
0.0018,-0.0095,16.05503030476612,-0.0009381451882991125,0.000319548336417863
0.0019,-0.0095,16.05432905370169,-0.0010641369158958186,0.0003339536774149285
0.002,-0.0095,16.0537245095903,-0.0011931150002989954,0.00034786186071791283
0.0021,-0.0095,16.05320783907419,-0.0013235840478482085,0.000358923335203945
0.0022,-0.0095,16.05278026093231,-0.0014536908777878946,0.0003674040657337792
0.0023,-0.0095,16.052434650640123,-0.0015825715704550353,0.0003719376615617604
0.0024,-0.0095,16.05217036615222,-0.0017113722601411253,0.00037220684510781124
0.0025,-0.0095,16.051986658695697,-0.0018398801312921966,0.0003697586916001889
0.0026,-0.0095,16.051883700535427,-0.001967136530328431,0.00036547110624003784
0.0027,-0.0095,16.051862526215118,-0.0020925700695908446,0.00035959560464261147
0.0028,-0.0095,16.05192624424879,-0.0022160651811280845,0.00035223234482377875
0.0029,-0.0095,16.052089092158994,-0.0023378369718216815,0.0003437400277189405
0.003,-0.0095,16.052372040008127,-0.002458168614004318,0.00033465008075841794
0.0031,-0.0095,16.05279406433082,-0.00257718686493018,0.0003254494670860558
0.0032,-0.0095,16.053358093911008,-0.002694922068048452,0.0003163605794093565
0.0033,-0.0095,16.05405138227584,-0.0028115846238278034,0.00030726154101733317
0.0034,-0.0095,16.054858379147937,-0.00292767555208267,0.00029796477323995813
0.0035,-0.0095,16.055773176060164,-0.003043718125740267,0.0002883616227897282
0.0036,-0.0095,16.05679948050231,-0.00316005337690312,0.0002785115606670426
0.0037,-0.0095,16.057942826154953,-0.0032768851308546103,0.0002686759534440725
0.0038,-0.0095,16.059207361162112,-0.003393779375766396,0.0002595953189117932
0.0039,-0.0095,16.06061158223922,-0.003508228241687837,0.00025080852345228286
0.004,-0.0095,16.06213170338282,-0.0036209288227554656,0.000240748965921923
0.0041,-0.0095,16.063767400318476,-0.0037265472613357093,0.00023132663973439178
0.0042,-0.0095,16.065533253252887,-0.0038271543141895157,0.00021869301201260673
0.0043,-0.0095,16.067363765199506,-0.0039228000443196345,0.00019883802408818914
0.0044,-0.0095,16.069268526570397,-0.004006821051977381,0.00017933014784473787
0.0045,-0.0095,16.071295536639163,-0.0040815434901662765,0.00016092317704246466
0.0046,-0.0095,16.073442430938112,-0.004145113662270659,0.0001398539700387288
0.0047,-0.0095,16.075675590866425,-0.004196208474385833,0.00011699040931215202
0.0048,-0.0095,16.07795167008629,-0.00423221532065027,9.094094885966409e-05
0.0049,-0.0095,16.080273940697435,-0.004250778845066324,6.067905011972685e-05
0.005,-0.0095,16.082651942028157,-0.004253294210622809,2.8320107861692773e-05
0.0051,-0.0095,16.08506479390771,-0.004240709493589621,-4.414936720978835e-06
0.0052,-0.0095,16.087492997229386,-0.004211996124016824,-3.7427738408655163e-05
0.0053,-0.0095,16.089930556898633,-0.0041674668289885105,-7.050721823007746e-05
0.0054,-0.0095,16.092361001405624,-0.004107421850722652,-0.00010334190897863743
0.0055,-0.0095,16.094768113481503,-0.004032809632363668,-0.00013578329126565488
0.0056,-0.0095,16.09714649096676,-0.003944807079027256,-0.00016755671428058782
0.0057,-0.0095,16.099476689033622,-0.0038459270368173997,-0.00019797006150126182
0.0058,-0.0095,16.101738967680323,-0.003737563660450958,-0.00022711384547808688
0.0059,-0.0095,16.103927031091157,-0.0036192036084926873,-0.0002552814833770427
0.006,-0.0095,16.106029929403693,-0.0034921652204837565,-0.00028201363385652143
0.0061,-0.0095,16.108035052960616,-0.003357422328051104,-0.0003072472896743435
0.0062,-0.0095,16.109927398620123,-0.0032154850364647146,-0.0003308127835459654
0.0063,-0.0095,16.111693983177556,-0.003067902988619936,-0.0003526984591020702
0.0064,-0.0095,16.11332432880204,-0.0029154536031931457,-0.00037317047075847434
0.0065,-0.0095,16.114803549472555,-0.002759370419093347,-0.00039228138408371564
0.0066,-0.0095,16.116120051962383,-0.002600400345423106,-0.0004101150108276394
0.0067,-0.0095,16.117241903530488,-0.002438944127234102,-0.00042666477016852454
0.0068,-0.0095,16.118125484800768,-0.0022766420032144298,-0.0004421530697901583
0.0069,-0.0095,16.11877328137671,-0.0021144757428276637,-0.0004552583503846646
0.007,-0.0095,16.119193231779278,-0.0019518571225644638,-0.0004653389546853769
0.0071,-0.0095,16.119361215674385,-0.0017897046188427592,-0.00047371764624536865
0.0072,-0.0095,16.119256111441437,-0.0016287952982822625,-0.0004793225387487298
0.0073,-0.0095,16.118871278407063,-0.0014708955554379435,-0.00048160460434364376
0.0074,-0.0095,16.11826728406631,-0.0013154187443116749,-0.0004785189732072509
0.0075,-0.0095,16.117338934783852,-0.0011614003912446273,-0.0004716625288835195
0.0076,-0.0095,16.116184912657378,-0.0010160907965093557,-0.00046465764806302565
0.0077,-0.0095,16.114971571797057,-0.0008715868547870199,-0.0004521623784924442
0.0078,-0.0095,16.11318118194316,-0.0007326942753284372,-0.0004344780058175831
0.0079,-0.0095,16.111493115748438,-0.0006071732757479617,-0.00040842442336140404
0.008,-0.0095,16.109829310632335,-0.000494832877886411,-0.0003790733319798948
0.0081,-0.0095,16.10810774454324,-0.0003701900057276158,-0.00034585462354791495
0.0082,-0.0095,16.1057028057079,-0.0002806341727663418,-0.0003133333889627385
0.0083,-0.0095,16.10443341919228,-0.00018494554890059105,-0.00025450992927197977
0.0084,-0.0095,16.101434581845666,-9.060286722267969e-05,-0.00021413461319102153
0.0085,-0.0095,16.101016388732535,-3.7208162969486376e-05,-0.00019039483031912778
0.0086,-0.0095,16.098921152293286,6.238179614838281e-05,-0.00014992205836064713
0.0087,-0.0095,16.094477594468717,7.965698066056371e-05,-0.00010821174394514888
0.0088,-0.0095,16.096039372717993,8.556795756056604e-05,-5.339968407810431e-05
0.0089,-0.0095,16.094516545735022,0.00015396681883243887,-2.1540808313556185e-05
0.009,-0.0095,16.091482851831532,0.00016837343227476338,4.512970908178752e-06
0.0091,-0.0095,16.090402833699233,0.0001599879851070228,3.694840719028743e-05
0.0092,-0.0095,16.089819649059788,0.00015418953420606214,6.502209335996253e-05
0.0093,-0.0095,16.0889419439874,0.0001441398661073711,8.637086200022082e-05
0.0094,-0.0095,16.087926820785295,0.00012537936575781944,0.00010000888528676467
0.0095,-0.0095,16.087307424087577,0.0001009267533815357,0.00010586124786057653
0.0096,-0.0095,16.08689884519803,7.471838006444607e-05,0.00010354357614591412
0.0097,-0.0095,16.08664177704005,4.888178028230667e-05,9.234211604882606e-05
0.0098,-0.0095,16.08662118023997,2.7040458046517665e-05,7.185020851500341e-05
0.0099,-0.0095,16.086682514619806,9.642277655915434e-06,4.204260914591891e-05
0.01,-0.0095,0.0,0.0,0.0
0.0,-0.0094,0.0,0.0,0.0
0.0001,-0.0094,16.070842636117174,-4.980402788609828e-06,-2.3536343448647668e-05
0.0002,-0.0094,16.070700024386287,-1.0047559543802457e-05,-2.4714560314307966e-05
0.0003,-0.0094,16.070555819977347,-9.841812673711531e-06,-4.893010445057805e-06
0.0004,-0.0094,16.06949644298452,-2.4551504901090774e-05,2.3648366330699934e-05
0.0005,-0.0094,16.068374065574478,-5.135581494874393e-05,4.432849283844586e-05
0.0006,-0.0094,16.067608285764948,-8.131224979298531e-05,6.793461952020474e-05
0.0007,-0.0094,16.066649301854564,-0.00011791626709377605,9.994634816506008e-05
0.0008,-0.0094,16.06555896009113,-0.00016569491640237258,0.0001318117269109156
0.0009,-0.0094,16.064561789027334,-0.00022370970993451043,0.0001632110182595254
0.001,-0.0094,16.063604772285718,-0.0002924237799240647,0.00019425432942529115
0.0011,-0.0094,16.062570526129193,-0.0003700530251499056,0.0002291380471677443
0.0012,-0.0094,16.06154969450818,-0.0004581746507405786,0.00026651369072165426
0.0013,-0.0094,16.060563958609603,-0.0005575446115509605,0.0003038820317979056
0.0014,-0.0094,16.059596339332323,-0.0006651467263304111,0.0003406517032241982
0.0015,-0.0094,16.05870003143627,-0.0007811358546604698,0.00037585583508184387
0.0016,-0.0094,16.057868232068188,-0.0009041364577643931,0.00040719653136886153
0.0017,-0.0094,16.057092544176058,-0.0010348920858076563,0.0004325897354246272
0.0018,-0.0094,16.056372129897255,-0.0011733360302374606,0.00045298539528291256
0.0019,-0.0094,16.055719855022776,-0.0013173817783585554,0.00047070473150453236
0.002,-0.0094,16.055143803691383,-0.0014641983771785142,0.00048592381069019876
0.0021,-0.0094,16.054641285167577,-0.001612182263902245,0.0004979613099750509
0.0022,-0.0094,16.054214982634512,-0.0017601360449765605,0.0005063046000394754
0.0023,-0.0094,16.05387188750079,-0.0019073284436266704,0.0005101936583536143
0.0024,-0.0094,16.053610862862694,-0.002053767099363814,0.0005099412470400233
0.0025,-0.0094,16.053427396069416,-0.0021993983384297803,0.0005065881544646191
0.0026,-0.0094,16.053324223970897,-0.002344089718185267,0.0005009570534003928
0.0027,-0.0094,16.053309172066022,-0.002487821958038794,0.0004935574167670449
0.0028,-0.0094,16.053390175100034,-0.002630815417727783,0.0004847993319493833
0.0029,-0.0094,16.053574781714545,-0.0027735258945714215,0.0004752319440922278
0.003,-0.0094,16.05386829302942,-0.002916450865511693,0.0004654722161802758
0.0031,-0.0094,16.05427395332809,-0.003060019598754493,0.0004560503114799684
0.0032,-0.0094,16.054795060761116,-0.0032045671503604083,0.0004472255051720281
0.0033,-0.0094,16.05543331506837,-0.003350252192720815,0.0004388024407054014
0.0034,-0.0094,16.05618634083298,-0.0034972041769072777,0.00043030007581629367
0.0035,-0.0094,16.057059576790174,-0.003645493760030309,0.00042123304678974766
0.0036,-0.0094,16.058061053186147,-0.0037946561902475282,0.0004119449629482818
0.0037,-0.0094,16.059176981197147,-0.003942843129339183,0.00040270820539241314
0.0038,-0.0094,16.060399010184767,-0.004090081572162439,0.0003904654973287732
0.0039,-0.0094,16.061733522968424,-0.004232757186198814,0.0003760977129699716
0.004,-0.0094,16.063160262038654,-0.00437093045987607,0.00035974983705087797
0.0041,-0.0094,16.06469856441833,-0.004499461393324864,0.0003417033673041909
0.0042,-0.0094,16.06637049493263,-0.00461611761841932,0.00032166191623668797
0.0043,-0.0094,16.068120349199994,-0.004724219268937771,0.0002969945718987681
0.0044,-0.0094,16.069950704730275,-0.004818590168442646,0.00026905647469553846
0.0045,-0.0094,16.07188927985692,-0.004897569449238876,0.00023686649330180107
0.0046,-0.0094,16.07393098226636,-0.004959637619010547,0.00019941642874245072
0.0047,-0.0094,16.076051645501266,-0.0050037940312282776,0.00015677350515562227
0.0048,-0.0094,16.078215920031965,-0.00502927871132671,0.00011071614267700404
0.0049,-0.0094,16.080428688737054,-0.0050365234180239655,6.379453441024302e-05
0.005,-0.0094,16.082698003988483,-0.005025823845720383,1.6043304524969527e-05
0.0051,-0.0094,16.085015077190235,-0.004997022258484042,-3.3143286780487396e-05
0.0052,-0.0094,16.087362074572383,-0.00495035343113814,-8.268835566765899e-05
0.0053,-0.0094,16.0897254424951,-0.004886349430877568,-0.00013152109486102073
0.0054,-0.0094,16.092085786021183,-0.004805671983934515,-0.00017935113476600978
0.0055,-0.0094,16.094423765406614,-0.00470973588876367,-0.00022587963676481325
0.0056,-0.0094,16.09673199825086,-0.004600920012633415,-0.0002705620378684264
0.0057,-0.0094,16.09899305529128,-0.004479735356701918,-0.00031262778620144433
0.0058,-0.0094,16.101181101962098,-0.004350083563600769,-0.00035280045661045616
0.0059,-0.0094,16.103290921537994,-0.004210540185743183,-0.0003906498832802421
0.006,-0.0094,16.105308704145123,-0.004062628713773374,-0.00042569595942412047
0.0061,-0.0094,16.107223751301508,-0.003906665242709635,-0.00045801470884134453
0.0062,-0.0094,16.109027075524452,-0.003743260919899487,-0.0004875230580948485
0.0063,-0.0094,16.110704878109086,-0.0035740686765200654,-0.0005144920515196831
0.0064,-0.0094,16.112245301652788,-0.003399908070063251,-0.0005390563367650952
0.0065,-0.0094,16.113631356769446,-0.0032221021182558436,-0.0005613965164363219
0.0066,-0.0094,16.114842857759346,-0.0030413603850727774,-0.0005814696134601497
0.0067,-0.0094,16.11586746347195,-0.0028585582957662706,-0.0005994232605037116
0.0068,-0.0094,16.11669371881126,-0.00267456530508716,-0.0006154199697979903
0.0069,-0.0094,16.117302608694377,-0.002490139855309168,-0.000628866443380667
0.007,-0.0094,16.11767588375377,-0.0023055261424078204,-0.0006391966112419501
0.0071,-0.0094,16.117798845149906,-0.002121433104263718,-0.0006463631494989032
0.0072,-0.0094,16.11767381003421,-0.0019387785705041577,-0.0006500957627370012
0.0073,-0.0094,16.117286946495103,-0.0017584365543076908,-0.0006496203008768609
0.0074,-0.0094,16.116631895906604,-0.001581183837599483,-0.0006439738931791467
0.0075,-0.0094,16.115750477661035,-0.0014073475094429826,-0.0006344267267838384
0.0076,-0.0094,16.11464004373137,-0.0012392257302165214,-0.0006206690443520543
0.0077,-0.0094,16.11329552642058,-0.0010766415420589762,-0.0005984891156136833
0.0078,-0.0094,16.1117223168111,-0.0009226243864120716,-0.0005716325336539489
0.0079,-0.0094,16.110086026905638,-0.0007782970086211232,-0.0005391377811470521
0.008,-0.0094,16.108325114932782,-0.0006430004804271385,-0.0005024235822032957
0.0081,-0.0094,16.10648579781523,-0.000513783965975498,-0.000458593758469436
0.0082,-0.0094,16.10462237182948,-0.00040365183644806195,-0.0004169826963987687
0.0083,-0.0094,16.10298647271221,-0.00029620561810067385,-0.0003649301520861799
0.0084,-0.0094,16.100821171239346,-0.00019441300463834998,-0.0003136623812576347
0.0085,-0.0094,16.099334848746317,-0.00011401328041991173,-0.00024478136218866335
0.0086,-0.0094,16.097582214342278,-2.8797082673550842e-05,-0.00019153443746069773
0.0087,-0.0094,16.095128052677342,2.2557098537922377e-05,-0.00016650265135718955
0.0088,-0.0094,16.09393006809888,5.0086827081445616e-05,-0.00010350264349415623
0.0089,-0.0094,16.09308609087807,9.199183939226536e-05,-4.5349097431261385e-05
0.009,-0.0094,16.091546823902913,0.000125500739310578,-1.5266134240453496e-06
0.0091,-0.0094,16.089679445861666,0.00013608053186632,3.837053053819278e-05
0.0092,-0.0094,16.088721768286085,0.0001322620164998352,7.166441437844197e-05
0.0093,-0.0094,16.088010764428713,0.000124802232300448,9.898966451728122e-05
0.0094,-0.0094,16.08723724325507,0.00011157934283439645,0.00011895547574047063
0.0095,-0.0094,16.086635603118737,9.261522268888116e-05,0.00012984560434537248
0.0096,-0.0094,16.08626985114651,6.962516790771852e-05,0.00012905085287402202
0.0097,-0.0094,16.085993393822566,4.613383283406316e-05,0.000116430558558094
0.0098,-0.0094,16.085905765427004,2.5237766030657895e-05,9.187820709068431e-05
0.0099,-0.0094,16.085957545124884,9.133792173503812e-06,5.323105985649917e-05
0.01,-0.0094,0.0,0.0,0.0
0.0,-0.0093,0.0,0.0,0.0
0.0001,-0.0093,16.07250979981893,-2.0397617066757793e-05,-7.833071137927124e-06
0.0002,-0.0093,16.072138611552703,-1.1210753249572541e-05,1.2220210761699056e-05
0.0003,-0.0093,16.07089119992231,-1.7817840475564616e-05,3.0074960425727416e-05
0.0004,-0.0093,16.06994126663953,-6.186196944436647e-05,4.2145578928011755e-05
0.0005,-0.0093,16.06926493252525,-8.157266315678773e-05,6.983547185447024e-05
0.0006,-0.0093,16.068574275530228,-0.00012557712722936965,0.00010831443488169392
0.0007,-0.0093,16.067565748602817,-0.00017346456074844428,0.00014792653846979804
0.0008,-0.0093,16.0665634181757,-0.00023433229766999064,0.00018765092482449886
0.0009,-0.0093,16.06554494303277,-0.0003064084784163213,0.00023049368097382625
0.001,-0.0093,16.064550632512425,-0.0003895131964082988,0.00027593422127825346
0.0011,-0.0093,16.06355273361764,-0.00048257874283890557,0.0003220427288343644
0.0012,-0.0093,16.062557822692863,-0.0005875050048301578,0.00036927853165096984
0.0013,-0.0093,16.06161397011817,-0.0007036481107680373,0.0004166271537167934
0.0014,-0.0093,16.06069987289423,-0.0008294367863286732,0.0004622538236220584
0.0015,-0.0093,16.05983926674669,-0.000964459221551531,0.0005052694896764433
0.0016,-0.0093,16.059037814452086,-0.00110721634182589,0.000543663446534141
0.0017,-0.0093,16.058298167900073,-0.0012570535375785307,0.0005761949739375034
0.0018,-0.0093,16.057615581415888,-0.0014130186343482938,0.0006030065561963957
0.0019,-0.0093,16.056992450031796,-0.0015735414576386983,0.0006248740100784061
0.002,-0.0093,16.056436742851695,-0.001736619525313629,0.0006420167393201587
0.0021,-0.0093,16.055954028636137,-0.0019006795488872932,0.0006543160169205386
0.0022,-0.0093,16.0555454443132,-0.002064686325331754,0.0006619007658560001
0.0023,-0.0093,16.055211819811408,-0.002228241703043675,0.0006650629891620875
0.0024,-0.0093,16.054955530098127,-0.0023914408305162975,0.0006643690917027224
0.0025,-0.0093,16.054777951964326,-0.0025545348836652545,0.0006606474282129037
0.0026,-0.0093,16.05468231770311,-0.002717860956281593,0.0006547407260620326
0.0027,-0.0093,16.05467422984517,-0.002881932518235821,0.0006474084023235409
0.0028,-0.0093,16.05475994822899,-0.0030473703949195395,0.00063929096698439
0.0029,-0.0093,16.0549455698754,-0.003214849446876498,0.0006309602158964368
0.003,-0.0093,16.055237177747173,-0.003384972908011736,0.0006229258867984284
0.0031,-0.0093,16.055639442791183,-0.00355804810136591,0.000615469676442155
0.0032,-0.0093,16.05615004061579,-0.0037340946415009395,0.0006084640293876979
0.0033,-0.0093,16.056767614006272,-0.00391295030349495,0.0006013689644975511
0.0034,-0.0093,16.057495643172697,-0.004094091042845797,0.000594186398923205
0.0035,-0.0093,16.058337820538735,-0.004275493613352886,0.0005871527181460702
0.0036,-0.0093,16.059291739842976,-0.004456449625813599,0.0005772609374417544
0.0037,-0.0093,16.060334990264977,-0.004635779876015606,0.0005633129390461136
0.0038,-0.0093,16.06146555744086,-0.004808888172542152,0.0005476458981241702
0.0039,-0.0093,16.062696569036525,-0.004974971168153733,0.0005284240027062369
0.004,-0.0093,16.06401813208034,-0.005132285880893164,0.0005046429308600326
0.0041,-0.0093,16.065449554147627,-0.0052762661761469164,0.0004747637077028941
0.0042,-0.0093,16.067018849299536,-0.0054055035870283355,0.0004388212257155006
0.0043,-0.0093,16.06869638528086,-0.00551877833521408,0.000398199478873934
0.0044,-0.0093,16.07045770743353,-0.005614553996727018,0.0003522448559375932
0.0045,-0.0093,16.072304896559,-0.005691515783491534,0.00030160602085435107
0.0046,-0.0093,16.074236998929102,-0.005748951790097686,0.0002460905271920008
0.0047,-0.0093,16.076246184932394,-0.005786939887648406,0.00018640121832937156
0.0048,-0.0093,16.07832156068466,-0.005805588909362173,0.00012363755347465972
0.0049,-0.0093,16.080464143606232,-0.005805026504830943,5.879197315270213e-05
0.005,-0.0093,16.082668023965113,-0.005785357172169526,-7.373382312374709e-06
0.0051,-0.0093,16.084922955076333,-0.005747028773118605,-7.412501982046298e-05
0.0052,-0.0093,16.087216613973602,-0.005690181102020583,-0.00014074865650657323
0.0053,-0.0093,16.089521954382167,-0.005615070833230887,-0.0002064453732137212
0.0054,-0.0093,16.09182366415335,-0.005522674703614067,-0.0002703682118771826
0.0055,-0.0093,16.09411259359106,-0.005414827799523745,-0.0003316411153440102
0.0056,-0.0093,16.09637086548785,-0.0052927501246697985,-0.0003895694839505014
0.0057,-0.0093,16.098577844577495,-0.005158753363184357,-0.0004444990971385238
0.0058,-0.0093,16.100711454418313,-0.005014722160548875,-0.0004963318052377977
0.0059,-0.0093,16.102760113828932,-0.004861051196423425,-0.0005443699876405962
0.006,-0.0093,16.104709131598266,-0.0046977468075236496,-0.00058844669310872
0.0061,-0.0093,16.106548540684084,-0.00452468179723146,-0.0006284974813931909
0.0062,-0.0093,16.1082676727447,-0.004343102550068709,-0.0006646040055754132
0.0063,-0.0093,16.109854773359423,-0.004154372360792287,-0.0006969839115287017
0.0064,-0.0093,16.111298553356725,-0.003959840045360646,-0.0007259083732387248
0.0065,-0.0093,16.112586216990152,-0.0037610164650228512,-0.0007516772743695022
0.0066,-0.0093,16.113705028215488,-0.003558626537475662,-0.0007744041216307975
0.0067,-0.0093,16.114641132495077,-0.0033537980315438112,-0.0007942264011553918
0.0068,-0.0093,16.115380999711714,-0.0031473445453976496,-0.0008111151189211163
0.0069,-0.0093,16.11591126619789,-0.0029399824054039654,-0.0008248468561720677
0.007,-0.0093,16.11621765986832,-0.0027324772940549116,-0.0008351432139849875
0.0071,-0.0093,16.11628953283434,-0.0025252269708271177,-0.000841543446729375
0.0072,-0.0093,16.116123057758593,-0.0023189475754508055,-0.000843430606042556
0.0073,-0.0093,16.11571196935983,-0.0021147950714178096,-0.0008403746113371195
0.0074,-0.0093,16.115051784131946,-0.0019135001408996618,-0.0008317658257148549
0.0075,-0.0093,16.114153993651527,-0.001716060471463657,-0.0008171968472565311
0.0076,-0.0093,16.113033025977373,-0.0015244875326959118,-0.0007965812114418506
0.0077,-0.0093,16.111728687419298,-0.0013396641729120481,-0.0007688401679456002
0.0078,-0.0093,16.11026672822007,-0.0011626049809731547,-0.0007342206041417842
0.0079,-0.0093,16.108653971161072,-0.000994655755998675,-0.0006925513327708354
0.008,-0.0093,16.106921264394977,-0.0008369928444655555,-0.0006451354399827197
0.0081,-0.0093,16.105158120408994,-0.0006894524149451357,-0.0005908478186033547
0.0082,-0.0093,16.10329333788897,-0.0005547662255098694,-0.0005324094929089537
0.0083,-0.0093,16.10142934059586,-0.000432316889845473,-0.0004694784899301192
0.0084,-0.0093,16.099683499246595,-0.00032294652867509075,-0.0004067250015858794
0.0085,-0.0093,16.098067475501935,-0.00022381627566249657,-0.00034324050782546714
0.0086,-0.0093,16.096339515683777,-0.00013201324247401184,-0.0002746306019584446
0.0087,-0.0093,16.094545653329398,-5.965461229704241e-05,-0.00020436436429233117
0.0088,-0.0093,16.092559250466152,-9.451876150167664e-06,-0.00014112736988991298
0.0089,-0.0093,16.091404707346943,2.8580637668265685e-05,-8.436153693325011e-05
0.009,-0.0093,16.090705153407175,6.609770159561189e-05,-2.6019160897551314e-05
0.0091,-0.0093,16.089248716381796,9.232983657008929e-05,2.6936693732015438e-05
0.0092,-0.0093,16.08798921249034,0.00010049040370199399,7.195710238913102e-05
0.0093,-0.0093,16.087114069846702,9.904796417430534e-05,0.0001068688335803157
0.0094,-0.0093,16.086342730088493,9.089175363170563e-05,0.00013248073201005807
0.0095,-0.0093,16.085649565320754,7.816676602238941e-05,0.00014882311337786652
0.0096,-0.0093,16.08532449779257,6.033029193075134e-05,0.00015113572834624865
0.0097,-0.0093,16.085138441051136,4.00456253799793e-05,0.0001380850036432582
0.0098,-0.0093,16.084966424772,2.231886404171372e-05,0.00011020602492542241
0.0099,-0.0093,16.084939996478404,8.399579237791584e-06,6.47381835030337e-05
0.01,-0.0093,0.0,0.0,0.0
0.0,-0.0092,0.0,0.0,0.0
0.0001,-0.0092,16.07354691254086,-5.7685899903200095e-06,1.2426362689128817e-06
0.0002,-0.0092,16.07221719419591,-1.7159358216905658e-05,7.398998407576678e-06
0.0003,-0.0092,16.0717316076278,-4.670879649457994e-05,1.7841337683084397e-05
0.0004,-0.0092,16.071472949331817,-8.40332354729874e-05,5.4434387820546145e-05
0.0005,-0.0092,16.070479711114547,-0.00011548293735600104,0.00010796720141612151
0.0006,-0.0092,16.069529666954768,-0.00017211809574193017,0.00016146518317562854
0.0007,-0.0092,16.06850762056534,-0.0002344426606570597,0.0002105177719949474
0.0008,-0.0092,16.067510273196728,-0.0003092435105429414,0.00026192153927021147
0.0009,-0.0092,16.066493714308205,-0.0003960121036942117,0.00031523452101220046
0.001,-0.0092,16.065494471970442,-0.0004933891805380757,0.00037151336822370757
0.0011,-0.0092,16.064515850985988,-0.0006022195281621256,0.00042940028920985444
0.0012,-0.0092,16.06355478158536,-0.0007241367515797631,0.0004877428395557424
0.0013,-0.0092,16.062628945654275,-0.0008571424515352849,0.0005459896037170052
0.0014,-0.0092,16.061739921836683,-0.0010007770273630701,0.0006016138578819752
0.0015,-0.0092,16.06090637532138,-0.0011537170962682456,0.0006531422921410681
0.0016,-0.0092,16.060126473423303,-0.0013143964514737113,0.0006989342230623323
0.0017,-0.0092,16.059407967899368,-0.0014815206823743346,0.0007378558672334744
0.0018,-0.0092,16.058749628091746,-0.0016537247005544867,0.0007695881190359251
0.0019,-0.0092,16.05815233064373,-0.0018295143171579713,0.0007944991726378488
0.002,-0.0092,16.057617831049402,-0.0020074076883086424,0.0008131183012586561
0.0021,-0.0092,16.057150213765894,-0.0021863428092458977,0.0008259737641545632
0.0022,-0.0092,16.056753087642917,-0.00236578128318404,0.0008336685297448883
0.0023,-0.0092,16.0564302034501,-0.0025457377325944852,0.0008369358771237929
0.0024,-0.0092,16.0561844146241,-0.0027266214244593425,0.0008367016033085773
0.0025,-0.0092,16.056018810753145,-0.0029090828153915454,0.000833961460334098
0.0026,-0.0092,16.05593777876771,-0.003093972026696273,0.0008296905134916257
0.0027,-0.0092,16.05594599528166,-0.003282133051522948,0.0008246851078634378
0.0028,-0.0092,16.05604823069414,-0.0034743757538483813,0.0008195992982998634
0.0029,-0.0092,16.05624807329217,-0.003671244208726811,0.00081490386419593
0.003,-0.0092,16.056545501346775,-0.0038730374947314812,0.0008107535429343396
0.0031,-0.0092,16.05693968596462,-0.004079698193374793,0.0008068215253946968
0.0032,-0.0092,16.05743252570257,-0.004290706848246896,0.0008031014226810654
0.0033,-0.0092,16.058022294026568,-0.004503992080835557,0.0007997733313601391
0.0034,-0.0092,16.058709927838265,-0.004718559021091364,0.0007939457305841439
0.0035,-0.0092,16.05948755337628,-0.004932836980450812,0.0007838571956591722
0.0036,-0.0092,16.06035295624105,-0.0051424317930654885,0.0007704672758767918
0.0037,-0.0092,16.06131725236094,-0.0053470613379787615,0.0007517237660765641
0.0038,-0.0092,16.06237373361172,-0.00554244502653388,0.000728634557549526
0.0039,-0.0092,16.063521818589635,-0.005725949670372341,0.0006996961451662394
0.004,-0.0092,16.064750999357216,-0.005896536844715968,0.0006619000008246099
0.0041,-0.0092,16.06606628374625,-0.006050160104213234,0.0006170121600067741
0.0042,-0.0092,16.067492806754103,-0.006186578310024535,0.0005652592762831585
0.0043,-0.0092,16.069025255902535,-0.00630437153597308,0.0005066998659220884
0.0044,-0.0092,16.070656385668926,-0.006402932483774841,0.0004417558416530574
0.0045,-0.0092,16.07239510189739,-0.006481897586266484,0.0003711593985220185
0.0046,-0.0092,16.074235362848672,-0.0065410452449277505,0.000295586393210624
0.0047,-0.0092,16.07616222902768,-0.006580732823455981,0.00021581364837783978
0.0048,-0.0092,16.078172912289425,-0.006601235203994882,0.00013316415812907124
0.0049,-0.0092,16.080260659489777,-0.006602719453734944,4.885869820057147e-05
0.005,-0.0092,16.082417122840724,-0.006585182305648146,-3.630403145545551e-05
0.0051,-0.0092,16.084630574677046,-0.0065487550942125725,-0.00012153852800529566
0.0052,-0.0092,16.08688595737764,-0.006492858766617387,-0.00020597797389605146
0.0053,-0.0092,16.089162391637196,-0.006417237327929849,-0.0002887608548959167
0.0054,-0.0092,16.09144270293924,-0.006322517228480064,-0.00036895409551353773
0.0055,-0.0092,16.0937117948739,-0.0062106370040117135,-0.00044593711181983506
0.0056,-0.0092,16.095948413789696,-0.006081870988146868,-0.0005191014155563412
0.0057,-0.0092,16.098132400986657,-0.005938590075745785,-0.0005881989915231227
0.0058,-0.0092,16.100240003467032,-0.005784905436741105,-0.0006532731862066658
0.0059,-0.0092,16.102256074555928,-0.005618178653154379,-0.0007134401316178313
0.006,-0.0092,16.10416278412827,-0.005439491166897694,-0.000768533919416386
0.0061,-0.0092,16.105949730518194,-0.005248113466143364,-0.0008181948390468014
0.0062,-0.0092,16.107605478873378,-0.005045273957056928,-0.0008624059581406297
0.0063,-0.0092,16.109117568883885,-0.004833850973417811,-0.0009016431310434948
0.0064,-0.0092,16.11047662097053,-0.004614624467098878,-0.0009359389730284745
0.0065,-0.0092,16.111671157458797,-0.004390133203969948,-0.0009658010705972772
0.0066,-0.0092,16.112691962917747,-0.004161431233348563,-0.0009914621042123072
0.0067,-0.0092,16.113529452608415,-0.003930169494909195,-0.0010132476790573974
0.0068,-0.0092,16.114175439378307,-0.0036973248220374183,-0.0010312792549513612
0.0069,-0.0092,16.114618799918674,-0.003463798379038318,-0.0010454951289400496
0.007,-0.0092,16.11484777338643,-0.003230456347709543,-0.001055674048928796
0.0071,-0.0092,16.114852287911813,-0.002997785405245767,-0.001061295607229363
0.0072,-0.0092,16.11463017891614,-0.0027661593543266655,-0.0010616134970286419
0.0073,-0.0092,16.11417922729387,-0.002536575305783889,-0.001056193189695961
0.0074,-0.0092,16.113496147267245,-0.0023099303876830592,-0.001044273924533741
0.0075,-0.0092,16.112589081653393,-0.0020870483462857234,-0.0010251321302869564
0.0076,-0.0092,16.111474554685206,-0.0018694256324192715,-0.0009983565902352356
0.0077,-0.0092,16.110179045441857,-0.001658357062873119,-0.0009629982048290497
0.0078,-0.0092,16.108725369695502,-0.0014550721247329357,-0.000919228804848218
0.0079,-0.0092,16.107138186874217,-0.0012610687256670848,-0.0008676644653723704
0.008,-0.0092,16.10545616041036,-0.0010776878881498019,-0.0008087615098922563
0.0081,-0.0092,16.103715548770044,-0.0009063731920400934,-0.0007427063229864376
0.0082,-0.0092,16.10191550176274,-0.000747945446792006,-0.0006729807722721576
0.0083,-0.0092,16.100123929590893,-0.0006031279232913781,-0.0005995720020417722
0.0084,-0.0092,16.098332852548584,-0.0004725238015395142,-0.0005213180940290389
0.0085,-0.0092,16.096533506947306,-0.000356777906015895,-0.0004394499148405877
0.0086,-0.0092,16.09495151746864,-0.00025582000596904647,-0.0003582971127465208
0.0087,-0.0092,16.093563100374077,-0.00016787704028845625,-0.0002796449373125304
0.0088,-0.0092,16.09192480653963,-9.515297589396382e-05,-0.0002029761705015752
0.0089,-0.0092,16.09034161460969,-4.017723949285585e-05,-0.00012711876289526694
0.009,-0.0092,16.08918694432312,3.0432429701120114e-06,-5.5933014832338247e-05
0.0091,-0.0092,16.08813269970901,3.5959780413731264e-05,6.424421270444193e-06
0.0092,-0.0092,16.087061148348106,5.644740044799155e-05,6.236568694715984e-05
0.0093,-0.0092,16.086208767684116,6.621178196477683e-05,0.00010772968998665287
0.0094,-0.0092,16.085381298215516,6.544852133413647e-05,0.0001392667236000878
0.0095,-0.0092,16.0844478823566,5.8416555897141e-05,0.00015959205202830952
0.0096,-0.0092,16.084147499984887,4.7840482067461256e-05,0.0001673302237392496
0.0097,-0.0092,16.084070676628535,3.218720815502209e-05,0.0001562086642007987
0.0098,-0.0092,16.083748558746713,1.7899574263769288e-05,0.00012572297899463142
0.0099,-0.0092,16.08366700275253,7.065875283085239e-06,7.4443256916229e-05
0.01,-0.0092,0.0,0.0,0.0
0.0,-0.0091,0.0,0.0,0.0
0.0001,-0.0091,16.07493221367419,9.408500846920624e-06,4.041590703482314e-06
0.0002,-0.0091,16.074269319874386,-2.6804427351466344e-05,9.32679447154946e-06
0.0003,-0.0091,16.07403387831428,-6.55560650963808e-05,6.286703707214275e-05
0.0004,-0.0091,16.07283174775501,-9.022941874947258e-05,0.0001256132285760512
0.0005,-0.0091,16.07157668386476,-0.0001590598744723739,0.00017171558702796304
0.0006,-0.0091,16.070448015937554,-0.00022257597512552886,0.00022757807460643863
0.0007,-0.0091,16.06945365761591,-0.00030033939933231634,0.00028598896822773577
0.0008,-0.0091,16.06844657251192,-0.00038863038267545485,0.0003482005870995317
0.0009,-0.0091,16.06744320281312,-0.0004894051052083085,0.0004133971655561559
0.001,-0.0091,16.066436459069433,-0.0006013692734916706,0.00048212219057379473
0.0011,-0.0091,16.06544516124432,-0.0007264850243806076,0.0005529348980755336
0.0012,-0.0091,16.064496214027145,-0.0008650602631057769,0.000623643109083633
0.0013,-0.0091,16.06357500264155,-0.0010149611070749342,0.0006928520685153642
0.0014,-0.0091,16.0627047981904,-0.0011757186459398475,0.0007584363698953752
0.0015,-0.0091,16.06189219623437,-0.0013454517233526786,0.0008183909807379787
0.0016,-0.0091,16.06112839507582,-0.0015224926169265518,0.0008710073045255358
0.0017,-0.0091,16.060426716030726,-0.0017053484300699865,0.0009153257568527156
0.0018,-0.0091,16.05978452028075,-0.001892479086721772,0.0009510981406791233
0.0019,-0.0091,16.059203144249114,-0.002082644841612886,0.0009787252647750684
0.002,-0.0091,16.058684917424742,-0.0022748574571328697,0.000998996478530025
0.0021,-0.0091,16.058233486815663,-0.0024687468878500846,0.0010129493814549642
0.0022,-0.0091,16.057852802739706,-0.0026643384448972397,0.0010217646729105754
0.0023,-0.0091,16.057546700098627,-0.0028621968642213603,0.001026674352405266
0.0024,-0.0091,16.057319419556407,-0.0030632293156788344,0.0010289078699440212
0.0025,-0.0091,16.057174386153584,-0.0032684579952656613,0.0010295800127124403
0.0026,-0.0091,16.057115159676314,-0.0034789677381842033,0.001029650863275877
0.0027,-0.0091,16.057144990841593,-0.0036956856334722085,0.001029840774700249
0.0028,-0.0091,16.05726499887938,-0.003919152166831186,0.001030489348809728
0.0029,-0.0091,16.05747486648783,-0.004149534796418219,0.0010314811144485605
0.003,-0.0091,16.05777703958571,-0.004386608518326373,0.0010328059380218576
0.0031,-0.0091,16.058167913617478,-0.004628625688311466,0.0010348039550742393
0.0032,-0.0091,16.05864489711932,-0.0048742692970843386,0.0010349402944773737
0.0033,-0.0091,16.059199398106482,-0.005122117415122567,0.0010308439947524473
0.0034,-0.0091,16.059822750395533,-0.005367805151068047,0.0010231088344305134
0.0035,-0.0091,16.06051055808123,-0.005609688909704926,0.00101006902069352
0.0036,-0.0091,16.061279434069693,-0.005844806030107753,0.0009908002125802713
0.0037,-0.0091,16.062150307238944,-0.006069204337095923,0.000964882289175506
0.0038,-0.0091,16.063093514256078,-0.006282496431320061,0.000928827433435322
0.0039,-0.0091,16.064103601369872,-0.006481145916984962,0.00088316008980956
0.004,-0.0091,16.065192248708833,-0.006662814929142259,0.0008294011829283901
0.0041,-0.0091,16.0663654170284,-0.006827405143705735,0.0007670235890721126
0.0042,-0.0091,16.06764541910037,-0.006973933625202771,0.0006968590340683575
0.0043,-0.0091,16.069039993354966,-0.007101879536470186,0.0006194566036748505
0.0044,-0.0091,16.070540647591223,-0.007211063939299798,0.0005354294407192856
0.0045,-0.0091,16.072150541564323,-0.007301646097772278,0.0004456986015499816
0.0046,-0.0091,16.07387342490062,-0.007373653115060323,0.00035122676408813754
0.0047,-0.0091,16.075700076772797,-0.0074270773442859615,0.0002528449713563284
0.0048,-0.0091,16.077627107525256,-0.007461888789234306,0.0001515862182517008
0.0049,-0.0091,16.07964809511357,-0.0074776591237270705,4.837369416463614e-05
0.005,-0.0091,16.081754095530247,-0.007473823421185823,-5.5954998085604914e-05
0.0051,-0.0091,16.083931907264944,-0.007449358611627231,-0.00016057398992513965
0.0052,-0.0091,16.086166913050647,-0.00740282662256489,-0.00026459694062167205
0.0053,-0.0091,16.088439204163237,-0.0073338676677009865,-0.0003670569910489861
0.0054,-0.0091,16.090727074828255,-0.007241531585042595,-0.0004668141441886753
0.0055,-0.0091,16.093006662577277,-0.007127951941067731,-0.0005629370827486634
0.0056,-0.0091,16.095260285880336,-0.0069933503899739565,-0.0006547019930867499
0.0057,-0.0091,16.097464428575037,-0.00684120779113735,-0.0007417757182471103
0.0058,-0.0091,16.09958917328783,-0.006675215265975825,-0.0008238535956752383
0.0059,-0.0091,16.101616052965895,-0.006492238793921199,-0.0008998615227107914
0.006,-0.0091,16.10352503168572,-0.006293031156016836,-0.0009692857085350282
0.0061,-0.0091,16.105302275406494,-0.006077469494664988,-0.0010315875453749395
0.0062,-0.0091,16.106933769191418,-0.005847135291489154,-0.0010865261227358271
0.0063,-0.0091,16.108406745824656,-0.005604775665286839,-0.001134283289937312
0.0064,-0.0091,16.109710305472127,-0.0053531282125379755,-0.0011751857640014051
0.0065,-0.0091,16.110835017174402,-0.005095380886273979,-0.0012098266677442056
0.0066,-0.0091,16.111775501684775,-0.004833021230005409,-0.0012385613706171886
0.0067,-0.0091,16.112524843829778,-0.004568495661982806,-0.0012619899812220867
0.0068,-0.0091,16.11307738300365,-0.004303362389710523,-0.0012804855430189538
0.0069,-0.0091,16.113427730590946,-0.004038881000643441,-0.0012942366331694316
0.007,-0.0091,16.113569646349674,-0.0037759662110999365,-0.0013032214412015534
0.0071,-0.0091,16.11349677889116,-0.0035152719115613923,-0.001307228153901331
0.0072,-0.0091,16.113208657555827,-0.0032570767995753727,-0.0013055359526771692
0.0073,-0.0091,16.112707814526093,-0.0030015370713629185,-0.0012972790160152583
0.0074,-0.0091,16.111989860853583,-0.0027495929948890344,-0.0012818273637233309
0.0075,-0.0091,16.111059905154637,-0.002501672757096514,-0.001258339084028158
0.0076,-0.0091,16.10993922480149,-0.002258485071536413,-0.001225914928837266
0.0077,-0.0091,16.10864748191501,-0.0020213811011619842,-0.0011838267773984703
0.0078,-0.0091,16.10720532192012,-0.0017914978875027288,-0.0011319597308979143
0.0079,-0.0091,16.105641373281884,-0.0015705065158506711,-0.0010706229949023378
0.008,-0.0091,16.103986410966936,-0.0013598748612385055,-0.0010004138919152545
0.0081,-0.0091,16.10225259810475,-0.0011615010537755995,-0.0009224293294274298
0.0082,-0.0091,16.100483331027995,-0.0009768739734646423,-0.0008383236985883804
0.0083,-0.0091,16.098743103688985,-0.0008073209131474186,-0.0007489913185810252
0.0084,-0.0091,16.097010632256257,-0.0006535238274352654,-0.0006558081934999372
0.0085,-0.0091,16.095312506279367,-0.0005161767612051672,-0.0005604396524741727
0.0086,-0.0091,16.093693200903907,-0.0003947410539782924,-0.00046307136975762503
0.0087,-0.0091,16.092161334256595,-0.00028922073105599306,-0.00036586994124470506
0.0088,-0.0091,16.09071339021333,-0.0002006587497977265,-0.0002734637632270367
0.0089,-0.0091,16.089316500859386,-0.00012800700398919458,-0.0001853684969458471
0.009,-0.0091,16.08802164854124,-6.971500368637329e-05,-0.00010113662001195642
0.0091,-0.0091,16.086867040576415,-2.5275478087576802e-05,-2.4084506878474857e-05
0.0092,-0.0091,16.08580800298211,5.198658174309311e-06,4.3405850267157296e-05
0.0093,-0.0091,16.084978603643712,2.561743456667168e-05,0.00010123434640817793
0.0094,-0.0091,16.084493995666968,3.494989158609458e-05,0.0001413102925291685
0.0095,-0.0091,16.08355496680252,3.559627299930932e-05,0.00016507276011728627
0.0096,-0.0091,16.082603948484973,3.3875580281660095e-05,0.00017793192490399328
0.0097,-0.0091,16.08249012840027,2.3430062707036962e-05,0.00016938315748915746
0.0098,-0.0091,16.08232742195384,1.2226586715002917e-05,0.00013696210831095444
0.0099,-0.0091,16.082177958724923,5.4390311264584765e-06,8.156949973983006e-05
0.01,-0.0091,0.0,0.0,0.0
0.0,-0.009,0.0,0.0,0.0
0.0001,-0.009,16.076101323113747,-3.388836370684612e-06,5.940753450830847e-06
0.0002,-0.009,16.07605789401794,-2.946781142161468e-05,5.492285261644687e-05
0.0003,-0.009,16.07481300611108,-7.90820573055523e-05,0.00012569704359154452
0.0004,-0.009,16.073391938554103,-0.00012724881217475472,0.00018063373176321115
0.0005,-0.009,16.072630108263816,-0.0002034110098655731,0.00023976613350597454
0.0006,-0.009,16.071517043333465,-0.00027637826101066195,0.00030382343122671606
0.0007,-0.009,16.070444366055483,-0.00036694054463786476,0.00037468968231282944
0.0008,-0.009,16.069384686296324,-0.0004696839692253759,0.0004490152923469241
0.0009,-0.009,16.068354514715242,-0.0005843574792501847,0.0005272141202305638
0.001,-0.009,16.06733495961482,-0.0007117426691474981,0.0006086728547925386
0.0011,-0.009,16.066340896569237,-0.0008533236678735334,0.0006920711175984549
0.0012,-0.009,16.06538715448025,-0.0010078326518227487,0.0007755975674823376
0.0013,-0.009,16.064465779054203,-0.0011741109754467396,0.0008561835683508026
0.0014,-0.009,16.06359520360935,-0.0013510321977486966,0.0009315903397792642
0.0015,-0.009,16.062788348881135,-0.0015365556438096761,0.0009995603848287093
0.0016,-0.009,16.06203506173646,-0.0017288155962515588,0.0010585125247829156
0.0017,-0.009,16.061341843031453,-0.0019262452124806555,0.0011076078494107109
0.0018,-0.009,16.060711525652355,-0.0021275293909110015,0.001146872292468446
0.0019,-0.009,16.06014302637921,-0.0023318672428373883,0.0011771248966242576
0.002,-0.009,16.059640246613483,-0.0025389062630908803,0.0011996488405284856
0.0021,-0.009,16.059206202367992,-0.002748963247545811,0.0012160254239679548
0.0022,-0.009,16.058845119310433,-0.0029627800965719786,0.0012279170206011983
0.0023,-0.009,16.0585612759459,-0.003181465051247477,0.0012369010803491797
0.0024,-0.009,16.058358685692404,-0.003406268625190268,0.0012443615651639248
0.0025,-0.009,16.058239535575275,-0.0036384161501789446,0.001251398695289376
0.0026,-0.009,16.05820510621462,-0.00387888377977745,0.0012587549093958988
0.0027,-0.009,16.058254605356193,-0.004128261299196652,0.0012666307906507971
0.0028,-0.009,16.058390170927805,-0.004386639521014104,0.0012748301899403883
0.0029,-0.009,16.058610389046596,-0.004652846146903028,0.0012838415724039964
0.003,-0.009,16.05890871928898,-0.004925328898271704,0.001292088157369779
0.0031,-0.009,16.059269149789067,-0.0052031075340888185,0.0012965059914432973
0.0032,-0.009,16.05968448049955,-0.005482023940524593,0.0012965953076172533
0.0033,-0.009,16.06015637489461,-0.005760272377015218,0.0012913112082950351
0.0034,-0.009,16.06067774102792,-0.006034173706334652,0.0012802481086952324
0.0035,-0.009,16.0612587754293,-0.006300063686168933,0.001261210323613613
0.0036,-0.009,16.061907920638927,-0.006556731972030666,0.001231226610461177
0.0037,-0.009,16.06262487313362,-0.00680045885664855,0.0011912188443982136
0.0038,-0.009,16.063399375170526,-0.007030350757097838,0.0011412387800465546
0.0039,-0.009,16.0642294873899,-0.007245034797175378,0.001080911117582083
0.004,-0.009,16.065135655883715,-0.007443422613551065,0.0010107477976285927
0.0041,-0.009,16.066136071950382,-0.007625279486961458,0.0009313693942676515
0.0042,-0.009,16.067245554684305,-0.007790346979957398,0.0008437070806384095
0.0043,-0.009,16.068471489443574,-0.007938533836199328,0.0007485907084747554
0.0044,-0.009,16.069820334240816,-0.00806959919603617,0.0006466560921955581
0.0045,-0.009,16.071293020910854,-0.008183309943573637,0.000538798502123462
0.0046,-0.009,16.07288548257376,-0.008279326308392301,0.0004259687851833361
0.0047,-0.009,16.074600379401367,-0.008356916753305549,0.00030891093259075204
0.0048,-0.009,16.076433905756836,-0.008415163556709928,0.00018837774744774767
0.0049,-0.009,16.078378093240936,-0.008452930200697234,6.509416027518077e-05
0.005,-0.009,16.08042500402906,-0.00846864094429447,-6.025164374119746e-05
0.0051,-0.009,16.082563294766647,-0.008460445766748015,-0.0001868754835669523
0.0052,-0.009,16.084779546350358,-0.00842622229399593,-0.00031379103672881655
0.0053,-0.009,16.087056318892163,-0.008364293015816959,-0.0004397703376729543
0.0054,-0.009,16.08937218879425,-0.008274092840288625,-0.0005634428978175804
0.0055,-0.009,16.091700157489754,-0.008156755796268145,-0.0006834822051991913
0.0056,-0.009,16.094011038903346,-0.008013464731208546,-0.0007986688120490155
0.0057,-0.009,16.09627790642589,-0.00784933897641369,-0.0009084521366269308
0.0058,-0.009,16.098475673830226,-0.0076661225865108824,-0.001012268949931781
0.0059,-0.009,16.10057595671537,-0.007461373501795765,-0.001108813194788579
0.006,-0.009,16.102552895441402,-0.007235448405048472,-0.0011968746548583794
0.0061,-0.009,16.104388404087434,-0.006988608036581832,-0.0012754403825043289
0.0062,-0.009,16.10606318148029,-0.006723273376771461,-0.0013440427324494342
0.0063,-0.009,16.10756069938388,-0.006443214906308315,-0.0014027725390561487
0.0064,-0.009,16.10886826852738,-0.006151320419786125,-0.0014517001633792726
0.0065,-0.009,16.109975692852228,-0.005851980608542491,-0.0014915954156954332
0.0066,-0.009,16.110877782797342,-0.0055481020103970696,-0.0015231274134031056
0.0067,-0.009,16.11157121119232,-0.005242827419451597,-0.001547193738453571
0.0068,-0.009,16.112054660391557,-0.00493862440501429,-0.001564585174794558
0.0069,-0.009,16.112327524879905,-0.004637354185344627,-0.001575929068519961
0.007,-0.009,16.112389332601037,-0.004340333744598001,-0.0015816153138606703
0.0071,-0.009,16.112239503415786,-0.004048324471054736,-0.0015817326631191253
0.0072,-0.009,16.11188156165695,-0.003761698894048443,-0.0015760295701220026
0.0073,-0.009,16.111321312791254,-0.003480129558078152,-0.0015637409021758823
0.0074,-0.009,16.110557692761372,-0.0032040454505570305,-0.0015441041499552
0.0075,-0.009,16.10959665414558,-0.0029329470016640985,-0.001515879569785345
0.0076,-0.009,16.108458548156293,-0.002666780991089161,-0.001477912687334172
0.0077,-0.009,16.107159985732462,-0.0024066122733663207,-0.0014294489586607376
0.0078,-0.009,16.10572128663275,-0.0021529458423211975,-0.001369908362915891
0.0079,-0.009,16.104169562922117,-0.0019072398143976398,-0.0012993457793969805
0.008,-0.009,16.102532197860256,-0.001671069029103818,-0.0012182754599119553
0.0081,-0.009,16.100830129800915,-0.0014464391973458258,-0.0011279498388414035
0.0082,-0.009,16.099097646350106,-0.0012350619729720256,-0.0010297000357753006
0.0083,-0.009,16.097377268898466,-0.0010391105855460348,-0.0009244366915910722
0.0084,-0.009,16.095667545773,-0.0008596979714594794,-0.0008140927901285077
0.0085,-0.009,16.093996261515844,-0.0006978145098811752,-0.0007009350310930392
0.0086,-0.009,16.09239661197951,-0.0005537571347207265,-0.0005868915100722911
0.0087,-0.009,16.090874474888025,-0.00042744349395913863,-0.00047394733352618855
0.0088,-0.009,16.089434450706428,-0.00031903386955923097,-0.0003639943548918473
0.0089,-0.009,16.088070064958348,-0.00022789083870625035,-0.00025883165601939137
0.009,-0.009,16.086787869159355,-0.00015329219029768958,-0.00016030876014238953
0.0091,-0.009,16.08560163902921,-9.440581078319407e-05,-7.004974503861634e-05
0.0092,-0.009,16.084497831213504,-4.910880065434129e-05,1.0228769747663055e-05
0.0093,-0.009,16.083265064984747,-1.928253546613367e-05,7.875366847736166e-05
0.0094,-0.009,16.08298972861185,2.6215288493649223e-06,0.0001308421253121929
0.0095,-0.009,16.082453291957414,9.907620742216416e-06,0.00016054469483508307
0.0096,-0.009,16.08101347007593,1.3079992010703103e-05,0.0001771804282187925
0.0097,-0.009,16.08079933078293,1.4706791877093552e-05,0.0001748112735912211
0.0098,-0.009,16.080843427992942,7.4388234588476445e-06,0.00014278937734391658
0.0099,-0.009,16.080615624375536,3.759325867663117e-06,8.617397473916584e-05
0.01,-0.009,0.0,0.0,0.0
0.0,-0.0089,0.0,0.0,0.0
0.0001,-0.0089,16.07863272911893,-2.7174555521074092e-05,3.0417171391832073e-05
0.0002,-0.0089,16.077617813815927,-5.027228337849352e-05,0.00010308034528281368
0.0003,-0.0089,16.075978581409846,-9.497600599845743e-05,0.00016615042523550891
0.0004,-0.0089,16.07489044750431,-0.00016720144224080681,0.00023233575618209027
0.0005,-0.0089,16.073706279725887,-0.00024049800714684322,0.00031486712592294143
0.0006,-0.0089,16.07256466086284,-0.0003316633470658545,0.0003937085839736858
0.0007,-0.0089,16.071429041076197,-0.0004347401219303839,0.00047683418786612406
0.0008,-0.0089,16.070329280517132,-0.0005511858246615512,0.0005639987816719913
0.0009,-0.0089,16.069241839497895,-0.0006796171364503946,0.00065613590990646
0.001,-0.0089,16.068182990456172,-0.0008224649123258049,0.0007513454967361616
0.0011,-0.0089,16.067166364215794,-0.0009800865165955528,0.0008478514031392105
0.0012,-0.0089,16.066193444383835,-0.0011502856610995042,0.0009435929161209803
0.0013,-0.0089,16.0652750480391,-0.0013323402539482405,0.0010353141892528255
0.0014,-0.0089,16.0644030855085,-0.0015244814055314472,0.0011201924594541
0.0015,-0.0089,16.06359145154731,-0.00172475862943995,0.0011957272739407578
0.0016,-0.0089,16.062838454489228,-0.001931315594585029,0.0012604428484669478
0.0017,-0.0089,16.062149343064785,-0.0021428383338516184,0.0013139653731893386
0.0018,-0.0089,16.0615278223769,-0.0023582764183765078,0.0013568191767492103
0.0019,-0.0089,16.060968842320673,-0.002577474685782274,0.0013904017948308828
0.002,-0.0089,16.060480681782142,-0.0028008943903658633,0.0014165989272719374
0.0021,-0.0089,16.060065200065107,-0.003029520413063173,0.001437509944782143
0.0022,-0.0089,16.05972662677096,-0.00326470821753517,0.0014551624914374462
0.0023,-0.0089,16.05946800409515,-0.0035079619746075045,0.0014713029642915605
0.0024,-0.0089,16.059290800972875,-0.0037606499578787473,0.001487204856753531
0.0025,-0.0089,16.059194073777398,-0.00402380833036205,0.0015036376328460535
0.0026,-0.0089,16.05917720254963,-0.004297966818215333,0.0015207247170192929
0.0027,-0.0089,16.059237399729042,-0.004582914740914589,0.0015386978953007618
0.0028,-0.0089,16.059374614764778,-0.004876984614275129,0.001556890698156524
0.0029,-0.0089,16.05957370551333,-0.005179538075288401,0.0015724410984483
0.003,-0.0089,16.05981182599572,-0.005487293542878641,0.0015836815979830485
0.0031,-0.0089,16.06008114644504,-0.00579782965644477,0.0015895119172286152
0.0032,-0.0089,16.060390006991312,-0.006107367353966328,0.0015896281180368729
0.0033,-0.0089,16.06073958954581,-0.00641234954376871,0.001582518644898764
0.0034,-0.0089,16.06111061477072,-0.006711565087871962,0.0015638661509987523
0.0035,-0.0089,16.06151435700599,-0.007001223689499706,0.00153278514952397
0.0036,-0.0089,16.061962234737766,-0.007278756071589525,0.00149107393690244
0.0037,-0.0089,16.062464239551506,-0.0075433299263712285,0.0014383969850275498
0.0038,-0.0089,16.063033166464393,-0.007794740344982655,0.001373988094136146
0.0039,-0.0089,16.06366202777516,-0.008031700737514136,0.0012985633721908254
0.004,-0.0089,16.064363986545228,-0.008254250112920511,0.001212916091099108
0.0041,-0.0089,16.065164159952303,-0.008462132383138095,0.0011178357806383439
0.0042,-0.0089,16.06606918985742,-0.008654976366366543,0.001014109797948462
0.0043,-0.0089,16.067086753708512,-0.008832485955816958,0.0009025459303440794
0.0044,-0.0089,16.068240663184447,-0.00899379493747051,0.0007838246271537433
0.0045,-0.0089,16.069534631752706,-0.00913768693373209,0.0006584841346817385
0.0046,-0.0089,16.07096296436912,-0.00926299488866781,0.0005271222131529119
0.0047,-0.0089,16.07252773320616,-0.009368211939983677,0.0003903104686687035
0.0048,-0.0089,16.07422822392941,-0.009451639871266954,0.00024859321277231704
0.0049,-0.0089,16.076061357319553,-0.009511391788538506,0.0001025332306591356
0.005,-0.0089,16.07802188077856,-0.00954538840164761,-4.72105787107976e-05
0.0051,-0.0089,16.08010246581937,-0.009551247557906189,-0.00019979871311098758
0.0052,-0.0089,16.082294205595353,-0.00952645419933402,-0.0003540568017790171
0.0053,-0.0089,16.084584139850392,-0.009468794084921996,-0.0005083941816386973
0.0054,-0.0089,16.086950438976896,-0.009377658341251947,-0.0006609680727414583
0.0055,-0.0089,16.089361927799963,-0.009254301849047724,-0.000810096087464615
0.0056,-0.0089,16.091786658785704,-0.009099782429996995,-0.0009540713133850136
0.0057,-0.0089,16.09417739626172,-0.008920571955388146,-0.001091916137975461
0.0058,-0.0089,16.096508183396445,-0.008717367630046722,-0.0012224412506924758
0.0059,-0.0089,16.09875830018541,-0.008488652100775346,-0.0013443304610466055
0.006,-0.0089,16.100893514780797,-0.008233549857331442,-0.0014557233424084635
0.0061,-0.0089,16.102880408291128,-0.007953203171871249,-0.0015548695163357781
0.0062,-0.0089,16.10469695956802,-0.007649342369910847,-0.0016405421886070632
0.0063,-0.0089,16.106317824543538,-0.007327435759847324,-0.0017129306494504163
0.0064,-0.0089,16.10772511909879,-0.0069908513764597,-0.0017718726370887826
0.0065,-0.0089,16.10890476512573,-0.006644418826553979,-0.0018179793420265915
0.0066,-0.0089,16.10984883405807,-0.006292839150705656,-0.0018522766135442982
0.0067,-0.0089,16.110554930514038,-0.005940112232915348,-0.0018759364032686701
0.0068,-0.0089,16.111024468514877,-0.0055897586409141995,-0.00189023240412703
0.0069,-0.0089,16.111261456781573,-0.0052447848917930775,-0.0018964126654191626
0.007,-0.0089,16.111272271849966,-0.0049073653716334474,-0.001895557196048856
0.0071,-0.0089,16.111063678171746,-0.0045788854409284565,-0.0018884162484899994
0.0072,-0.0089,16.110644269247548,-0.004259897543867407,-0.0018752464055833986
0.0073,-0.0089,16.11002457541764,-0.003950222312691662,-0.0018558449249753465
0.0074,-0.0089,16.109211441237125,-0.00364947813935138,-0.0018295057253912372
0.0075,-0.0089,16.108213980766898,-0.0033565576136743783,-0.0017950652325851183
0.0076,-0.0089,16.107052188992867,-0.0030704421839384084,-0.0017511074963122545
0.0077,-0.0089,16.10574136154912,-0.0027909569406637962,-0.0016963729952467013
0.0078,-0.0089,16.104300035190303,-0.002517913312637645,-0.0016300213560262596
0.0079,-0.0089,16.102752970575825,-0.0022519267937375544,-0.0015513563896294746
0.008,-0.0089,16.10112574632681,-0.001994205327318406,-0.0014604221733757576
0.0081,-0.0089,16.09943826199581,-0.0017466510177045387,-0.0013581555089278803
0.0082,-0.0089,16.097735368771833,-0.0015110411937118897,-0.0012458765927237123
0.0083,-0.0089,16.09603320876626,-0.0012897500751881392,-0.0011249980059181816
0.0084,-0.0089,16.09432734523722,-0.0010847705895298712,-0.000997684362344403
0.0085,-0.0089,16.0926711664283,-0.000897399569020489,-0.0008665888977284338
0.0086,-0.0089,16.09108243779071,-0.0007288291879070342,-0.0007340283347552381
0.0087,-0.0089,16.08956100061265,-0.0005795577221792515,-0.0006023084555998944
0.0088,-0.0089,16.08811867452122,-0.0004494794550362641,-0.00047383764514380346
0.0089,-0.0089,16.086753988212454,-0.00033838195181641823,-0.0003509123612845249
0.009,-0.0089,16.085475433813652,-0.0002457239982615345,-0.00023549377925570302
0.0091,-0.0089,16.08430201597338,-0.00017067591216954895,-0.00012991306322470363
0.0092,-0.0089,16.083258707459446,-0.00011047614835902163,-3.57317594734789e-05
0.0093,-0.0089,16.082032825971456,-6.842330564101854e-05,4.358367395799128e-05
0.0094,-0.0089,16.081423170992135,-3.125984108773316e-05,0.00011467443945560775
0.0095,-0.0089,16.081644502194823,-1.5554272566539848e-05,0.00015743370694165274
0.0096,-0.0089,16.080269254227957,-7.045911527457923e-06,0.00017014691949465623
0.0097,-0.0089,16.079223848470342,7.037992202100727e-06,0.00017168049417112862
0.0098,-0.0089,16.079394190387255,3.3587638771069346e-06,0.0001457089863014757
0.0099,-0.0089,16.07892148651748,1.2169471766564262e-06,8.906875912738794e-05
0.01,-0.0089,0.0,0.0,0.0
0.0,-0.0088,0.0,0.0,0.0
0.0001,-0.0088,16.080200380831716,-3.447304700874869e-05,7.211857384408816e-05
0.0002,-0.0088,16.078747747156385,-7.78616897521174e-05,0.00015319040181255186
0.0003,-0.0088,16.077134720181903,-0.00011778372262786639,0.00022758153375468474
0.0004,-0.0088,16.07601788895698,-0.00019943517171290196,0.00031532221520068923
0.0005,-0.0088,16.0747393939872,-0.0002835708669617277,0.0004045204439197697
0.0006,-0.0088,16.07353844921647,-0.0003867322675976207,0.0004972445682724243
0.0007,-0.0088,16.072345934046357,-0.0005027309553482264,0.0005934058340990201
0.0008,-0.0088,16.071195458351212,-0.0006320864491221395,0.0006944129174326252
0.0009,-0.0088,16.07005822271492,-0.0007750044465409002,0.0007998322411321002
0.001,-0.0088,16.068970757282422,-0.0009331902516618001,0.0009087353641647281
0.0011,-0.0088,16.067932719019343,-0.001105095778445017,0.001018825415508126
0.0012,-0.0088,16.06692903166453,-0.0012902195318001647,0.001127094884562141
0.0013,-0.0088,16.06598445346876,-0.0014873577385990594,0.0012297552694682293
0.0014,-0.0088,16.065105424121576,-0.001694279618154319,0.001323458508788951
0.0015,-0.0088,16.064292598795888,-0.0019086333510674532,0.0014059692680966846
0.0016,-0.0088,16.063536639424385,-0.002129093763735925,0.0014763049748409665
0.0017,-0.0088,16.062846274189173,-0.00235482106490246,0.001534486010162283
0.0018,-0.0088,16.06223083011823,-0.0025852977562021923,0.001581735070932411
0.0019,-0.0088,16.061683742133898,-0.0028210578294572504,0.0016201921462666376
0.002,-0.0088,16.061210590761647,-0.0030633374732746874,0.0016523373934018682
0.0021,-0.0088,16.0608157464246,-0.0033137365161516846,0.0016806594944089386
0.0022,-0.0088,16.060500678455387,-0.00357400617392475,0.0017073381178067041
0.0023,-0.0088,16.060265130118108,-0.00384574551955115,0.001733970279203939
0.0024,-0.0088,16.06010738251661,-0.004130101574475024,0.0017614074504934958
0.0025,-0.0088,16.060025625037422,-0.004427651657120403,0.0017897670517103032
0.0026,-0.0088,16.0600175008939,-0.004737367497616959,0.0018191929242111922
0.0027,-0.0088,16.060068587766605,-0.0050586394949566245,0.0018481642922355572
0.0028,-0.0088,16.06015879256007,-0.0053889766921155,0.0018737336803440483
0.0029,-0.0088,16.06026933185087,-0.005726288388007208,0.0018939610521603641
0.003,-0.0088,16.06039611068267,-0.0060669847885609866,0.0019082902787407089
0.0031,-0.0088,16.060542998429185,-0.006406990877937625,0.0019161670289196309
0.0032,-0.0088,16.060705545200243,-0.006744224918532817,0.001913552361260452
0.0033,-0.0088,16.060873163963464,-0.007075904841544668,0.0018976166235041359
0.0034,-0.0088,16.061033885131536,-0.007399537519981348,0.001869010985059507
0.0035,-0.0088,16.06119680794445,-0.0077126270041970955,0.0018288056996008024
0.0036,-0.0088,16.06138716923061,-0.008014646071227288,0.001776041726180563
0.0037,-0.0088,16.061629969237465,-0.00830519240089124,0.0017101684010679841
0.0038,-0.0088,16.061926397383395,-0.008583511667462886,0.0016324054886479719
0.0039,-0.0088,16.062275604063203,-0.008849444838328967,0.0015434701091216608
0.004,-0.0088,16.062697802988556,-0.009102699128431688,0.0014440576580338682
0.0041,-0.0088,16.063210429608223,-0.009342670969310346,0.0013346188960560662
0.0042,-0.0088,16.063839406509274,-0.009568308053237324,0.0012158380871009483
0.0043,-0.0088,16.06459805715672,-0.009778056718130968,0.001088101895965693
0.0044,-0.0088,16.065493516497572,-0.009970268402611497,0.0009516651286458934
0.0045,-0.0088,16.066539867102854,-0.010143038004090528,0.0008071410439321747
0.0046,-0.0088,16.067744117978496,-0.010294280732531013,0.0006549219815712509
0.0047,-0.0088,16.06911034756675,-0.010421998418354044,0.0004954837408879423
0.0048,-0.0088,16.070636601939032,-0.01052419306002466,0.0003293449882463861
0.0049,-0.0088,16.07231996946517,-0.010599005427231916,0.00015703825817432854
0.005,-0.0088,16.074158327426442,-0.01064443611638475,-2.0818652887913027e-05
0.0051,-0.0088,16.076152151288643,-0.010658169194562528,-0.00020330076154148464
0.0052,-0.0088,16.078300968674323,-0.010637980861695104,-0.0003889742419908522
0.0053,-0.0088,16.080599134284697,-0.010581486428823663,-0.0005758865723181023
0.0054,-0.0088,16.083025729363115,-0.010487823494130827,-0.0007617142773536738
0.0055,-0.0088,16.085546410512055,-0.010357980649536065,-0.0009441570948402213
0.0056,-0.0088,16.088121979308553,-0.010195151427852324,-0.0011213138248692973
0.0057,-0.0088,16.090705048766264,-0.01000375750413891,-0.0012918556068531384
0.0058,-0.0088,16.09324407059259,-0.009784774082628598,-0.001453950173560265
0.0059,-0.0088,16.095719297850707,-0.009535171641113485,-0.0016051780699815488
0.006,-0.0088,16.098108710130106,-0.009255813760797618,-0.0017441247964512848
0.0061,-0.0088,16.100364652851564,-0.008946687171434597,-0.0018684059068077795
0.0062,-0.0088,16.10244564817055,-0.008608835058867498,-0.0019756282320804487
0.0063,-0.0088,16.10431976170003,-0.00824795702901849,-0.002065486975029502
0.0064,-0.0088,16.105958391958538,-0.007868443621817833,-0.0021377700206015983
0.0065,-0.0088,16.1073398226111,-0.007475094024281223,-0.0021926480581213304
0.0066,-0.0088,16.108449902244196,-0.0070733199374008165,-0.0022310224895190594
0.0067,-0.0088,16.109281499267432,-0.006668660428433084,-0.002254364416667008
0.0068,-0.0088,16.10983525411636,-0.006266054564074834,-0.002264399527449744
0.0069,-0.0088,16.110117757007416,-0.005869921048757007,-0.0022630026902210757
0.007,-0.0088,16.11014070107386,-0.005483922574349424,-0.0022520801321578286
0.0071,-0.0088,16.10991888787746,-0.005110741868487156,-0.0022333417227108207
0.0072,-0.0088,16.109468886062302,-0.004751939442461659,-0.0022080447415740983
0.0073,-0.0088,16.10880955996715,-0.004407848253970747,-0.0021767312650523055
0.0074,-0.0088,16.107955820664305,-0.004077882969342022,-0.0021393290989578408
0.0075,-0.0088,16.106922827999117,-0.0037607801730518173,-0.002095269896285553
0.0076,-0.0088,16.105732531012833,-0.0034546344209399602,-0.0020431142169230745
0.0077,-0.0088,16.104402860944802,-0.0031579023975821727,-0.001981132039184707
0.0078,-0.0088,16.102953018965927,-0.002868871969072721,-0.0019076701364413816
0.0079,-0.0088,16.1014052360754,-0.0025871015999021627,-0.001821558896364166
0.008,-0.0088,16.09978039658412,-0.0023129147084711183,-0.0017223100868608485
0.0081,-0.0088,16.098100128892305,-0.0020471172127614866,-0.0016098457415061544
0.0082,-0.0088,16.096402405928064,-0.001791586465471835,-0.0014849123873583382
0.0083,-0.0088,16.094709981736266,-0.0015484101476825954,-0.0013494766309267866
0.0084,-0.0088,16.09301248494877,-0.001319851814508214,-0.0012059964843796648
0.0085,-0.0088,16.09135526597845,-0.0011081424638210266,-0.0010569189770129966
0.0086,-0.0088,16.089766751400646,-0.0009153418548846341,-0.0009051640413000315
0.0087,-0.0088,16.088247795181502,-0.0007421697577946661,-0.000753668893540552
0.0088,-0.0088,16.086792812119313,-0.0005892086667234515,-0.0006053574243967245
0.0089,-0.0088,16.085395507100632,-0.0004568670992343447,-0.0004628388023099727
0.009,-0.0088,16.084085973759787,-0.000344797701765934,-0.0003284439318432811
0.0091,-0.0088,16.08289629429,-0.0002513817441392523,-0.00020470999911480046
0.0092,-0.0088,16.081811852962506,-0.00017642701920185007,-9.35189679656458e-05
0.0093,-0.0088,16.08079059844598,-0.00011364877445774725,1.4812698703283497e-06
0.0094,-0.0088,16.07907090568668,-7.187524717506236e-05,8.173990888413456e-05
0.0095,-0.0088,16.07886933523861,-4.3518521036926494e-05,0.00014805827279866025
0.0096,-0.0088,16.079311376227768,-2.3871129787962328e-05,0.00017764696203279793
0.0097,-0.0088,16.078151901163483,-5.630575692550202e-06,0.00017603357609548108
0.0098,-0.0088,16.077547757588714,1.4619206485737393e-06,0.0001501309148153713
0.0099,-0.0088,16.077076656933592,-1.9049268421991374e-06,9.085717100197483e-05
0.01,-0.0088,0.0,0.0,0.0
0.0,-0.0087,0.0,0.0,0.0
0.0001,-0.0087,16.08145789621264,-1.961226979080094e-05,0.00010026378911392404
0.0002,-0.0087,16.079929312240033,-7.580178308245333e-05,0.00019278450880542123
0.0003,-0.0087,16.078468209523344,-0.0001419779453684665,0.00029164256854978266
0.0004,-0.0087,16.077169464073542,-0.00022476290086535534,0.000399126558532434
0.0005,-0.0087,16.07577168117206,-0.0003230505049554232,0.0005052056397773918
0.0006,-0.0087,16.07447024301624,-0.00043885577046947916,0.0006132177643621108
0.0007,-0.0087,16.07320298514263,-0.0005682341886744792,0.0007237749310684577
0.0008,-0.0087,16.071974146625696,-0.0007108481145252587,0.0008390607769664079
0.0009,-0.0087,16.070789355684227,-0.0008684568029691742,0.0009585179202076566
0.001,-0.0087,16.069663814935453,-0.0010413161839116264,0.0010813724179113075
0.0011,-0.0087,16.06859415908029,-0.001227565368611535,0.0012052191327668166
0.0012,-0.0087,16.067566532910313,-0.0014268571398218923,0.001325638998782709
0.0013,-0.0087,16.06659330816383,-0.0016382856673167285,0.0014385990262309237
0.0014,-0.0087,16.065701704131882,-0.0018592347123929124,0.001540756358026156
0.0015,-0.0087,16.064877847845644,-0.0020873682590137805,0.0016302712373243294
0.0016,-0.0087,16.06411337917958,-0.00232210892648185,0.0017064241835158243
0.0017,-0.0087,16.0634275885428,-0.002563044186520034,0.0017699954698666412
0.0018,-0.0087,16.0628194758051,-0.0028101736925845488,0.0018232290284328854
0.0019,-0.0087,16.062284529052217,-0.0030649602391882944,0.001868898630444867
0.002,-0.0087,16.06183034334197,-0.0033292400106715745,0.001909930644178292
0.0021,-0.0087,16.061457590804192,-0.0036049768033706107,0.0019490004206131673
0.0022,-0.0087,16.061164410786247,-0.0038940066362076683,0.001988087526075732
0.0023,-0.0087,16.06094552093184,-0.004197656433754141,0.0020283127396454677
0.0024,-0.0087,16.060798270795292,-0.0045164975336162375,0.002069900336811647
0.0025,-0.0087,16.060716607731226,-0.0048495410742569025,0.0021127081187933983
0.0026,-0.0087,16.06068280880943,-0.005195799588458817,0.0021542942078434622
0.0027,-0.0087,16.06066603461466,-0.005553441882496123,0.002191690834979341
0.0028,-0.0087,16.060650762694237,-0.005918575740767702,0.002223616327836524
0.0029,-0.0087,16.060637150803363,-0.006287675138161827,0.002249647593652684
0.003,-0.0087,16.060620175112835,-0.006657845168028273,0.002266591364886691
0.0031,-0.0087,16.060583525837778,-0.007026597970720424,0.002270471555985035
0.0032,-0.0087,16.060516644387867,-0.007390736798701429,0.002260532856891445
0.0033,-0.0087,16.06042127651443,-0.007747963855623308,0.002237140744032174
0.0034,-0.0087,16.060297406985487,-0.008097017994205034,0.0022005534894841455
0.0035,-0.0087,16.060160304763137,-0.008436848216905338,0.002150111445350377
0.0036,-0.0087,16.060035551676002,-0.008767008981904858,0.0020860107439892007
0.0037,-0.0087,16.05993812428381,-0.009086851383165047,0.002009097520685962
0.0038,-0.0087,16.059872565357193,-0.00939594077194712,0.0019199089283945033
0.0039,-0.0087,16.059856660619367,-0.009693425365381966,0.0018188919897692251
0.004,-0.0087,16.0599121110429,-0.00997825060064857,0.001706463807892223
0.0041,-0.0087,16.06005133306048,-0.010248942319910843,0.0015825939576303836
0.0042,-0.0087,16.06031439981016,-0.01050368212469165,0.0014479023233149276
0.0043,-0.0087,16.06072715417364,-0.010739626573179653,0.001302330475561243
0.0044,-0.0087,16.061294120704776,-0.010954370589351487,0.0011456621730211967
0.0045,-0.0087,16.062032462473248,-0.011145793893657205,0.000978684033735504
0.0046,-0.0087,16.062953168447837,-0.011311477249528933,0.0008018684033919387
0.0047,-0.0087,16.064062465395743,-0.011449670936436694,0.0006158998548315602
0.0048,-0.0087,16.065357899651808,-0.011558982224252858,0.00042152959909192214
0.0049,-0.0087,16.066835147239498,-0.011638321737942317,0.00021953882820365922
0.005,-0.0087,16.068496944594955,-0.011686303689922904,1.0681061390256216e-05
0.0051,-0.0087,16.070356152088205,-0.011701559038658094,-0.00020404192671438347
0.0052,-0.0087,16.07242641133878,-0.011682575117711341,-0.0004231469580617857
0.0053,-0.0087,16.074718605435137,-0.01162666293874074,-0.0006444531654026621
0.0054,-0.0087,16.077211375412023,-0.011533185945868177,-0.0008652089309983211
0.0055,-0.0087,16.079862703046565,-0.011403113582276036,-0.001082773966335558
0.0056,-0.0087,16.08260757727053,-0.011240411392013814,-0.001295314680652706
0.0057,-0.0087,16.08542125543224,-0.011045074494364029,-0.0015009782303461994
0.0058,-0.0087,16.08824389785517,-0.01082037211118362,-0.0016980082718670293
0.0059,-0.0087,16.09103186508343,-0.010562930125356263,-0.0018829274104845207
0.006,-0.0087,16.093752747889898,-0.010271847056658684,-0.002052925797435545
0.0061,-0.0087,16.09638335763918,-0.009947476286093812,-0.002206454368493098
0.0062,-0.0087,16.09886721124371,-0.009589415867010856,-0.002340719214444172
0.0063,-0.0087,16.1011372556946,-0.009202186289548525,-0.002453906836951247
0.0064,-0.0087,16.103165747546225,-0.008788734455227414,-0.0025447696722802485
0.0065,-0.0087,16.10491202569292,-0.008355406898166605,-0.0026134647987619396
0.0066,-0.0087,16.106351389227,-0.007907353488392822,-0.0026600106414661727
0.0067,-0.0087,16.107466351304332,-0.007451336580880678,-0.0026858038638510836
0.0068,-0.0087,16.10825159019931,-0.006993641766885153,-0.0026928016029456516
0.0069,-0.0087,16.10870976280797,-0.006540465123515414,-0.0026833628800038653
0.007,-0.0087,16.108854356132056,-0.0060974485964340784,-0.0026601769528655323
0.0071,-0.0087,16.1087058284162,-0.005669310997931256,-0.0026260453904184303
0.0072,-0.0087,16.10828978675904,-0.00525953420918375,-0.002583532409932456
0.0073,-0.0087,16.10763455296552,-0.004869992283699589,-0.0025345925697416445
0.0074,-0.0087,16.1067671951058,-0.004501107608027291,-0.0024803636344427216
0.0075,-0.0087,16.105712509577828,-0.004151753182530282,-0.0024209093372934993
0.0076,-0.0087,16.104497715342735,-0.0038198632600146974,-0.0023555212104425004
0.0077,-0.0087,16.1031471339374,-0.0035029132385720756,-0.002282712278542692
0.0078,-0.0087,16.1016842400531,-0.003197759906409991,-0.0022003461477942917
0.0079,-0.0087,16.10013106893076,-0.0029023433622923835,-0.0021064345262783103
0.008,-0.0087,16.098502831617758,-0.002615035715852737,-0.0019993345905225963
0.0081,-0.0087,16.09682461665919,-0.0023355681145349823,-0.0018781957258203771
0.0082,-0.0087,16.095127510947297,-0.002064800731726227,-0.0017430698228022069
0.0083,-0.0087,16.09343426348013,-0.001804227317904249,-0.0015951701107977884
0.0084,-0.0087,16.091739414510677,-0.0015559992537761609,-0.001436841596402184
0.0085,-0.0087,16.09007610361373,-0.0013226808495092643,-0.0012707675263404616
0.0086,-0.0087,16.088470088913407,-0.0011071567986319832,-0.0011000446880507736
0.0087,-0.0087,16.086921362875643,-0.0009107856832405435,-0.0009281713906815307
0.0088,-0.0087,16.0854266586685,-0.0007350986150753459,-0.0007588733890443429
0.0089,-0.0087,16.083991638870675,-0.000581092429085892,-0.0005954614976978994
0.009,-0.0087,16.082655314650115,-0.0004485507352307381,-0.00044089833050026236
0.0091,-0.0087,16.081426129073005,-0.00033571597512238593,-0.0002979857952885355
0.0092,-0.0087,16.08018517209553,-0.000243565541979655,-0.0001698828715168114
0.0093,-0.0087,16.079324525493938,-0.00016551717085361224,-5.8263951212937756e-05
0.0094,-0.0087,16.07788207512728,-0.00011558963579403018,2.9210978974980237e-05
0.0095,-0.0087,16.07601299490941,-5.892443281943509e-05,9.960860789337241e-05
0.0096,-0.0087,16.075454897161247,-3.823429795779979e-05,0.00015224506027452486
0.0097,-0.0087,16.075028204756777,-2.6335768508771223e-05,0.0001669222273128071
0.0098,-0.0087,16.075087031428374,-2.1525363008883157e-06,0.00014430885805687555
0.0099,-0.0087,16.075160713506964,-5.27933158824438e-06,8.961350432315989e-05
0.01,-0.0087,0.0,0.0,0.0
0.0,-0.0086,0.0,0.0,0.0
0.0001,-0.0086,16.082609261994815,-1.94625150307336e-05,0.00013774441422084998
0.0002,-0.0086,16.081371960312072,-6.792918261967473e-05,0.00025004029774757343
0.0003,-0.0086,16.079836428979085,-0.00015193578937562722,0.00037392661945875654
0.0004,-0.0086,16.078219700816884,-0.0002452671767459568,0.0004993308199091886
0.0005,-0.0086,16.076709456609315,-0.0003602330241620922,0.0006204000414936126
0.0006,-0.0086,16.075297053398515,-0.0004884554174967798,0.0007424689587355786
0.0007,-0.0086,16.07395787611245,-0.0006309821522488383,0.0008671635337595122
0.0008,-0.0086,16.072659475372593,-0.000787111137927191,0.0009966973053996465
0.0009,-0.0086,16.071423652506645,-0.0009586903878633425,0.0011312885831092278
0.001,-0.0086,16.070248232765124,-0.001145385930659261,0.0012690391406585222
0.0011,-0.0086,16.069130320284394,-0.001345795817600296,0.001406320444457057
0.0012,-0.0086,16.068072396953593,-0.0015592633951495363,0.0015385586749508714
0.0013,-0.0086,16.06708177273925,-0.001784507577133151,0.0016615468572648516
0.0014,-0.0086,16.066175414055785,-0.0020191820121099706,0.001772293182030922
0.0015,-0.0086,16.06533547138485,-0.002261418892191044,0.0018689949833848045
0.0016,-0.0086,16.064563341826528,-0.0025113278877784335,0.0019516435485560537
0.0017,-0.0086,16.063885928442343,-0.0027689492504662677,0.002022218756138899
0.0018,-0.0086,16.063283852059783,-0.0030350530196615946,0.002083777520545566
0.0019,-0.0086,16.06276276687018,-0.0033118510290066055,0.0021395637365740723
0.002,-0.0086,16.062328244966956,-0.003601420101289252,0.002192797147393915
0.0021,-0.0086,16.061970547130652,-0.003905861723486205,0.0022459889013812253
0.0022,-0.0086,16.06169096521651,-0.0042267486952530815,0.0023005806550228975
0.0023,-0.0086,16.061476311284924,-0.004564657514023292,0.00235681845609348
0.0024,-0.0086,16.06131887876207,-0.00491876980959291,0.0024145746285584783
0.0025,-0.0086,16.06119148076694,-0.005288190125648852,0.0024714660394155896
0.0026,-0.0086,16.06106950780651,-0.005670892737907788,0.002523429299632915
0.0027,-0.0086,16.0609367984539,-0.006062572115119345,0.0025697991185209884
0.0028,-0.0086,16.060782557571464,-0.006459024803984895,0.0026089853212396185
0.0029,-0.0086,16.060595261566743,-0.006858179744949354,0.0026370108905265687
0.003,-0.0086,16.060355216800648,-0.007257042744310301,0.0026507272852906187
0.0031,-0.0086,16.060043189678503,-0.007652729565928667,0.002649864103756953
0.0032,-0.0086,16.059662749092027,-0.008042631384936928,0.0026342784602706986
0.0033,-0.0086,16.05922196036697,-0.008426266932232222,0.002603919848101075
0.0034,-0.0086,16.058729380651233,-0.008802448974803726,0.002558413723307154
0.0035,-0.0086,16.058205820411093,-0.009170557886942977,0.002498597032918092
0.0036,-0.0086,16.057671315348617,-0.009529263830159899,0.0024248208314511617
0.0037,-0.0086,16.05713584498299,-0.009877919839062993,0.0023375849483388104
0.0038,-0.0086,16.05662033951654,-0.010214872245436508,0.002236926906184704
0.0039,-0.0086,16.056147425727584,-0.010538580309036516,0.002122958800894817
0.004,-0.0086,16.055736353357375,-0.010846954410446988,0.0019954145453375998
0.0041,-0.0086,16.055430344589602,-0.01113764826533666,0.0018545127852593241
0.0042,-0.0086,16.055253402507525,-0.011407932821563039,0.0017001862777380064
0.0043,-0.0086,16.055226516644193,-0.011655135788219547,0.0015322533625076325
0.0044,-0.0086,16.055388920688245,-0.011876845900704626,0.0013511114731857114
0.0045,-0.0086,16.055758265810276,-0.012070916029931215,0.0011572954524406303
0.0046,-0.0086,16.056355444295992,-0.012235574958966065,0.0009519101995699201
0.0047,-0.0086,16.05718969082968,-0.012369763381615162,0.0007365594516807975
0.0048,-0.0086,16.05825189872126,-0.012473310576254993,0.0005128612876543491
0.0049,-0.0086,16.05951177072303,-0.01254673351740517,0.00028154640912012767
0.005,-0.0086,16.06095913336676,-0.012589919648288447,4.2361641236359865e-05
0.0051,-0.0086,16.062628769754376,-0.0126023482354202,-0.00020395402147369024
0.0052,-0.0086,16.064578464427466,-0.012582369853389752,-0.00045547008703261373
0.0053,-0.0086,16.066828266470665,-0.012528996560243786,-0.000709937348255751
0.0054,-0.0086,16.069363795428597,-0.01244141690862765,-0.0009648822485797219
0.0055,-0.0086,16.072120045275234,-0.012320673857423388,-0.0012172543304072967
0.0056,-0.0086,16.075028869955762,-0.012168754261945598,-0.0014646858865023878
0.0057,-0.0086,16.078056399523916,-0.011986660067956914,-0.0017059143629839014
0.0058,-0.0086,16.081176785454304,-0.011773887624284822,-0.0019388992246637806
0.0059,-0.0086,16.084350461324785,-0.011526675174905703,-0.0021601982863968965
0.006,-0.0086,16.08748979080664,-0.01124358551630152,-0.0023657665047246926
0.0061,-0.0086,16.09055229533065,-0.010923622408500987,-0.002552501752662491
0.0062,-0.0086,16.093529423326114,-0.010565409056810582,-0.002718497472583071
0.0063,-0.0086,16.09633187400946,-0.010172569561926177,-0.002862208853760844
0.0064,-0.0086,16.09890108380947,-0.009744962132479088,-0.002979945095692914
0.0065,-0.0086,16.10118893244881,-0.009287889839964442,-0.0030705770825671984
0.0066,-0.0086,16.103147287240365,-0.008806173092487981,-0.0031330242235970414
0.0067,-0.0086,16.104740802253044,-0.008307126305028823,-0.003167837650580373
0.0068,-0.0086,16.10594976872245,-0.007798380957689359,-0.0031768959091021494
0.0069,-0.0086,16.10676461921625,-0.007287624079868044,-0.0031626669876791864
0.007,-0.0086,16.107193446836142,-0.00678262257904813,-0.0031282531980382795
0.0071,-0.0086,16.107257107693616,-0.006290662222099619,-0.003077363766532462
0.0072,-0.0086,16.106985900739048,-0.005818028271888246,-0.0030139933522158094
0.0073,-0.0086,16.10641797245513,-0.005369280026511117,-0.0029418035969452664
0.0074,-0.0086,16.105593777550116,-0.004947082519341788,-0.0028637667566106867
0.0075,-0.0086,16.104552665974115,-0.004551978836257069,-0.0027816936420667565
0.0076,-0.0086,16.10333305818431,-0.004182564029918211,-0.0026959657432252654
0.0077,-0.0086,16.10196896889083,-0.0038359740645895466,-0.0026058059733315726
0.0078,-0.0086,16.100493690199205,-0.0035085909191677586,-0.0025096297520525333
0.0079,-0.0086,16.098930196028952,-0.00319651960453251,-0.0024048650765684343
0.008,-0.0086,16.09729459408933,-0.002896111458351788,-0.0022888429513085217
0.0081,-0.0086,16.095617306652276,-0.0026051900591319106,-0.002159527514072726
0.0082,-0.0086,16.09392813722145,-0.0023223490125675187,-0.0020156676884867247
0.0083,-0.0086,16.09221404023546,-0.0020484278036732935,-0.0018574753777785072
0.0084,-0.0086,16.09049711580451,-0.001785136189956959,-0.0016866810855226308
0.0085,-0.0086,16.088829156365016,-0.0015340658362592765,-0.001505389441166822
0.0086,-0.0086,16.087197372204304,-0.0012984527828024878,-0.001316793662695899
0.0087,-0.0086,16.08560058434033,-0.0010808974909147539,-0.001125104545686625
0.0088,-0.0086,16.084049053758,-0.0008836778330521616,-0.0009345532352875963
0.0089,-0.0086,16.082572763013324,-0.0007083733765039754,-0.0007492434128252884
0.009,-0.0086,16.081189363831818,-0.0005549871642985452,-0.0005730172661848705
0.0091,-0.0086,16.07987396402471,-0.00042340340561234583,-0.00040913589104524316
0.0092,-0.0086,16.078598644746457,-0.00031322175590070653,-0.00026163249031606014
0.0093,-0.0086,16.07761934106797,-0.0002242712430659884,-0.00013031716765614203
0.0094,-0.0086,16.076451697763822,-0.0001505949812175936,-2.1486711436181265e-05
0.0095,-0.0086,16.075589217673908,-8.383268841650102e-05,5.185025782442689e-05
0.0096,-0.0086,16.074212408144703,-5.675158021244107e-05,9.892533665861497e-05
0.0097,-0.0086,16.072737677930593,-3.291915203759537e-05,0.00013087975191714409
0.0098,-0.0086,16.07314874131883,-7.444872260031043e-06,0.0001332149823748484
0.0099,-0.0086,16.07316554420982,-5.406901158325796e-06,8.849820247862626e-05
0.01,-0.0086,0.0,0.0,0.0
0.0,-0.0085,0.0,0.0,0.0
0.0001,-0.0085,16.083661109271564,-3.135646292535819e-05,0.0001520072220868661
0.0002,-0.0085,16.082595097871884,-7.966938192678978e-05,0.00031504279240501717
0.0003,-0.0085,16.08094660333486,-0.0001635915356179625,0.00046974903972199077
0.0004,-0.0085,16.079146622548546,-0.0002689860624761743,0.0006116401370060723
0.0005,-0.0085,16.077529195856037,-0.0003957446458201678,0.000748296985176424
0.0006,-0.0085,16.07601134055622,-0.0005359151848773588,0.0008843020641442388
0.0007,-0.0085,16.07458502384369,-0.0006907149721202348,0.0010235522489843289
0.0008,-0.0085,16.073227323358473,-0.0008600687699688975,0.0011678292547881858
0.0009,-0.0085,16.071932719036734,-0.0010450492418826477,0.00131761011368414
0.001,-0.0085,16.070703106095515,-0.0012450423661607966,0.001470245138991187
0.0011,-0.0085,16.06953866561276,-0.001459262214765586,0.0016211890716483993
0.0012,-0.0085,16.06844750050471,-0.0016865909618460255,0.0017655492281795542
0.0013,-0.0085,16.067433720694698,-0.0019254877610398358,0.0018989445245924455
0.0014,-0.0085,16.066501233816297,-0.002174238143133134,0.0020183818151984197
0.0015,-0.0085,16.06565094426299,-0.0024317547478020637,0.0021228303460928176
0.0016,-0.0085,16.06488389428883,-0.002698160510374715,0.0022135175275958827
0.0017,-0.0085,16.064207787565184,-0.002974428557269751,0.0022934435584044113
0.0018,-0.0085,16.06361296572173,-0.00326223863048672,0.002366131599773856
0.0019,-0.0085,16.0631064851024,-0.003564047395476569,0.0024353307568385444
0.002,-0.0085,16.06268320841019,-0.003881942747440875,0.002504157458985773
0.0021,-0.0085,16.062328733650528,-0.004217833260603395,0.0025745353214488794
0.0022,-0.0085,16.062041241557594,-0.0045727657603266605,0.002647078164588585
0.0023,-0.0085,16.061812167171343,-0.004945554113523713,0.0027213296911563364
0.0024,-0.0085,16.061595854781803,-0.005335326648833537,0.0027949093713296102
0.0025,-0.0085,16.061343163197908,-0.005740937255393378,0.0028641697912286487
0.0026,-0.0085,16.061081489871842,-0.00615695127915053,0.002927195299547928
0.0027,-0.0085,16.06079731192423,-0.006579759039588418,0.002981835306737531
0.0028,-0.0085,16.0604313536484,-0.007006350780268635,0.0030232922675557557
0.0029,-0.0085,16.05996369670493,-0.007434012227091405,0.0030500238905475383
0.003,-0.0085,16.05939757585666,-0.007859667853696186,0.0030610021274279295
0.0031,-0.0085,16.058724246260443,-0.008281166729002159,0.0030558002419726095
0.0032,-0.0085,16.057947229289944,-0.008696993348917076,0.003034041732615975
0.0033,-0.0085,16.05708012415048,-0.009106653294992884,0.0029960294996728533
0.0034,-0.0085,16.056138767371582,-0.009508577112395868,0.002942148330955489
0.0035,-0.0085,16.05513899465472,-0.00990175840324092,0.002873165070801231
0.0036,-0.0085,16.054099105304413,-0.010283863545026136,0.002788950046693062
0.0037,-0.0085,16.053038945109822,-0.010652927043060034,0.002689573776265435
0.0038,-0.0085,16.051985466785094,-0.011006438588449607,0.002574686988664392
0.0039,-0.0085,16.050963783106198,-0.011341907305551215,0.002443913996929189
0.004,-0.0085,16.05002741631228,-0.011656488661274726,0.0022972476358984655
0.0041,-0.0085,16.049233908857115,-0.011947223301844017,0.002135051234834428
0.0042,-0.0085,16.048572120266407,-0.012211436124904565,0.0019565813184429046
0.0043,-0.0085,16.048074167379944,-0.012448142184887495,0.0017622647165053554
0.0044,-0.0085,16.04780940192681,-0.01265628160624076,0.001553330424011624
0.0045,-0.0085,16.047812143058522,-0.012834341694336157,0.0013302643651807414
0.0046,-0.0085,16.048121196220563,-0.012981691873921434,0.0010946617931756621
0.0047,-0.0085,16.048742805405,-0.013097911296403475,0.0008486972189109257
0.0048,-0.0085,16.04957855183232,-0.01318463051044345,0.0005951359688466684
0.0049,-0.0085,16.050505165722463,-0.013246116159536539,0.0003353657480178392
0.005,-0.0085,16.05161036790328,-0.013283015088968394,6.713604855707587e-05
0.0051,-0.0085,16.053032288392536,-0.013291714054579545,-0.00020926523360824682
0.0052,-0.0085,16.05479914688523,-0.013271390669951588,-0.0004906361261817931
0.0053,-0.0085,16.056949989861682,-0.013223559076549323,-0.0007744394251630789
0.0054,-0.0085,16.059522474134294,-0.013149135523296654,-0.001057440733610756
0.0055,-0.0085,16.062404016391728,-0.013047754705779062,-0.0013376273798239233
0.0056,-0.0085,16.06542728267248,-0.012919597190995976,-0.0016150578069580944
0.0057,-0.0085,16.068611576732646,-0.012764869739516944,-0.0018902575161453895
0.0058,-0.0085,16.071978941216944,-0.012581348106203465,-0.0021590525443248186
0.0059,-0.0085,16.075522346195203,-0.012365394894252238,-0.0024163990706584783
0.006,-0.0085,16.079136890867318,-0.012114479662753044,-0.0026595324962803775
0.0061,-0.0085,16.082694991508625,-0.011823535443379487,-0.0028838997733405167
0.0062,-0.0085,16.086177119829134,-0.011490280900654796,-0.0030861215985248432
0.0063,-0.0085,16.08956181624752,-0.011117366366723846,-0.0032661025641228273
0.0064,-0.0085,16.0927932436118,-0.010702241102796644,-0.003419768114229829
0.0065,-0.0085,16.095762438117937,-0.010247176904980778,-0.0035436970295470178
0.0066,-0.0085,16.098415604762113,-0.009754720440803144,-0.0036341877121952907
0.0067,-0.0085,16.10068864813594,-0.009231459005789566,-0.003689068536093427
0.0068,-0.0085,16.1025356068682,-0.008685935638244106,-0.0037100106656578853
0.0069,-0.0085,16.10392586666434,-0.008126759913676439,-0.003699302772173716
0.007,-0.0085,16.10485105344021,-0.007563220999540923,-0.003659730540264893
0.0071,-0.0085,16.10532178363082,-0.007005144685269488,-0.003595320508522559
0.0072,-0.0085,16.1053645660538,-0.006462054705937552,-0.0035111385869169174
0.0073,-0.0085,16.105021626621113,-0.005942130439398629,-0.0034126719989679764
0.0074,-0.0085,16.104344087853725,-0.005451545903407877,-0.0033050902633243273
0.0075,-0.0085,16.103387710504773,-0.004993969931139035,-0.00319253834987071
0.0076,-0.0085,16.102205589349367,-0.00457045296019897,-0.0030777496055041445
0.0077,-0.0085,16.10085330904397,-0.004179380968842239,-0.0029616297179776443
0.0078,-0.0085,16.09937715973306,-0.0038171650654931734,-0.002843467139507998
0.0079,-0.0085,16.0977962239278,-0.00347906969629169,-0.002721172692847203
0.008,-0.0085,16.096146812199137,-0.0031601835931720896,-0.0025918624924558204
0.0081,-0.0085,16.09446858843483,-0.0028555816983561752,-0.0024524067849566833
0.0082,-0.0085,16.09275913587379,-0.002561249082811431,-0.002299699552152367
0.0083,-0.0085,16.09100874468925,-0.002276657391909398,-0.002132594569127149
0.0084,-0.0085,16.089280175021106,-0.0020017897089802134,-0.0019513365967563177
0.0085,-0.0085,16.08760424529852,-0.001736625201787467,-0.0017570605190622758
0.0086,-0.0085,16.085933987619697,-0.0014842558818440427,-0.001552885896993069
0.0087,-0.0085,16.084283886327885,-0.0012484067855768207,-0.001342846298130361
0.0088,-0.0085,16.082677640756003,-0.0010316593733157913,-0.0011316924992743238
0.0089,-0.0085,16.081148822729702,-0.0008360723334080123,-0.000924218936838968
0.009,-0.0085,16.079701867073236,-0.0006621650450544365,-0.0007251490640633913
0.0091,-0.0085,16.078288450587063,-0.0005112485574474785,-0.0005383359351070022
0.0092,-0.0085,16.076965993868818,-0.0003826750872773766,-0.0003683904682008186
0.0093,-0.0085,16.075546848466754,-0.00027895348802834145,-0.00022018530569820353
0.0094,-0.0085,16.074122709698663,-0.00018478020314229102,-9.804668419538705e-05
0.0095,-0.0085,16.073350520706175,-0.0001244439155893129,7.592338707477597e-06
0.0096,-0.0085,16.073471535666968,-6.932223129809801e-05,6.986999332611783e-05
0.0097,-0.0085,16.07169252937863,-3.178050860283904e-05,0.00010154152161360812
0.0098,-0.0085,16.069937642686675,-1.882187032145393e-05,0.00012097847597764997
0.0099,-0.0085,16.070209836997712,-2.7343421928601446e-06,8.559802372209581e-05
0.01,-0.0085,0.0,0.0,0.0
0.0,-0.0084,0.0,0.0,0.0
0.0001,-0.0084,16.08566403350391,-2.7876059982030196e-05,0.0001961924429361356
0.0002,-0.0084,16.083836831884238,-8.866850559953813e-05,0.00039606699246833683
0.0003,-0.0084,16.081746402930552,-0.00017866902117891475,0.0005740592363879117
0.0004,-0.0084,16.07990035797885,-0.0002957930535678424,0.0007337450481937418
0.0005,-0.0084,16.078195827838137,-0.0004301539059107891,0.0008867775363404867
0.0006,-0.0084,16.076595440924393,-0.000581020874162127,0.0010377391393960986
0.0007,-0.0084,16.075073584987727,-0.000747221290552461,0.0011919144165907977
0.0008,-0.0084,16.07364291633889,-0.0009290742284309426,0.0013517299518707607
0.0009,-0.0084,16.07228753536666,-0.0011268017282421695,0.0015171208888057589
0.001,-0.0084,16.071001321987463,-0.0013398656565890056,0.0016848613602773697
0.0011,-0.0084,16.069792818876877,-0.001567615200300439,0.001849787239243465
0.0012,-0.0084,16.068667309741226,-0.001808733043840879,0.0020065113778567423
0.0013,-0.0084,16.067628595363963,-0.002061700309428383,0.002150554665444815
0.0014,-0.0084,16.066678046628425,-0.002325298538544416,0.002279443577747264
0.0015,-0.0084,16.06581852058371,-0.0025992368167625773,0.002393249357016252
0.0016,-0.0084,16.065052546988852,-0.002884090368957584,0.0024942177451191703
0.0017,-0.0084,16.064378698448,-0.0031815751118983602,0.0025861540891888757
0.0018,-0.0084,16.063793847417696,-0.003493695233473744,0.0026731455637646552
0.0019,-0.0084,16.06329346682204,-0.0038230919470979,0.0027591095127749788
0.002,-0.0084,16.062867105858828,-0.004171711546723227,0.0028465933477332924
0.0021,-0.0084,16.062498423649973,-0.00454072286745094,0.0029366281200358143
0.0022,-0.0084,16.06216972175377,-0.004929902617388925,0.0030287900633752442
0.0023,-0.0084,16.06186821932281,-0.005337815006937096,0.0031208430404703765
0.0024,-0.0084,16.061525770595537,-0.0057627936531403,0.0032091602782751204
0.0025,-0.0084,16.061108689149844,-0.006201038536315572,0.0032913525261754916
0.0026,-0.0084,16.06065592365769,-0.006648650159003979,0.003364018056049289
0.0027,-0.0084,16.06013235232581,-0.007102058453785156,0.00342284739397379
0.0028,-0.0084,16.05946405068969,-0.00755697751579835,0.0034655000725746688
0.0029,-0.0084,16.058616710732114,-0.008011456466104456,0.0034912389619847707
0.003,-0.0084,16.057626531854986,-0.008463022558452256,0.0034986669284111645
0.0031,-0.0084,16.056504593812406,-0.008909391281776802,0.0034874208248608708
0.0032,-0.0084,16.055227651287574,-0.009349073428622848,0.003458212994610451
0.0033,-0.0084,16.053832609832646,-0.009781250820947439,0.003411496228612871
0.0034,-0.0084,16.052351659375105,-0.010203334064312557,0.0033473705172240315
0.0035,-0.0084,16.050784071575215,-0.010613006552734044,0.003266335851838493
0.0036,-0.0084,16.049158665904795,-0.011006606927739578,0.003167701400365559
0.0037,-0.0084,16.047502163600235,-0.011380896589775326,0.0030511147223566573
0.0038,-0.0084,16.045850794555488,-0.011732068179569434,0.002915854477738358
0.0039,-0.0084,16.044248037472485,-0.012057260956813922,0.0027618043632623274
0.004,-0.0084,16.04277399911873,-0.012353046967005316,0.0025890418214817067
0.0041,-0.0084,16.04144782134143,-0.01261668737656976,0.0023976689752890717
0.0042,-0.0084,16.040284097633144,-0.012847170572053744,0.0021887469106969546
0.0043,-0.0084,16.03934298989274,-0.01304560376849389,0.0019644049406038738
0.0044,-0.0084,16.038659551520258,-0.013213509887994905,0.0017252955164254451
0.0045,-0.0084,16.03830527680638,-0.013352634856278463,0.00147238621184336
0.0046,-0.0084,16.038373015030352,-0.013465680888285609,0.001208011448562603
0.0047,-0.0084,16.03894131662133,-0.013554797025721179,0.0009362320906467015
0.0048,-0.0084,16.039696665697296,-0.013620918544744887,0.0006622537521730785
0.0049,-0.0084,16.040187352445322,-0.013669786518432871,0.0003848608410677517
0.005,-0.0084,16.040869937886256,-0.01370648662323808,9.467516838192292e-05
0.0051,-0.0084,16.04215399151515,-0.01372243421449093,-0.00020880551911977866
0.0052,-0.0084,16.043931594013603,-0.013709590406302496,-0.0005167565899482441
0.0053,-0.0084,16.046183489006832,-0.013667973226405217,-0.0008232251542068164
0.0054,-0.0084,16.048650406214517,-0.013606710992850848,-0.001126498263525027
0.0055,-0.0084,16.051317509258148,-0.01353433491315708,-0.0014327751827863746
0.0056,-0.0084,16.054230428770158,-0.013442061507897556,-0.0017394071937764251
0.0057,-0.0084,16.057526478446338,-0.013323614522224848,-0.002043571968895753
0.0058,-0.0084,16.06123411700687,-0.013178673480931272,-0.002340820507041514
0.0059,-0.0084,16.065059355389522,-0.013007823211646879,-0.0026261175060806633
0.006,-0.0084,16.068907874010094,-0.012811102112572723,-0.0029051374469746018
0.0061,-0.0084,16.072816336261777,-0.012576493694177564,-0.003173530246161204
0.0062,-0.0084,16.07677917525438,-0.012294594265668994,-0.0034202578305899843
0.0063,-0.0084,16.080693608316675,-0.011967022298266393,-0.003641339526467639
0.0064,-0.0084,16.084525014250392,-0.01159387300897095,-0.003836681396643295
0.0065,-0.0084,16.088271049830485,-0.011172697601246987,-0.004004309536688427
0.0066,-0.0084,16.09179931184797,-0.010701838879253653,-0.0041371788917465395
0.0067,-0.0084,16.094926058760166,-0.010184332353792243,-0.004227009900975339
0.0068,-0.0084,16.09760360107849,-0.009628169326840188,-0.004274014790857211
0.0069,-0.0084,16.099791531987453,-0.00904228865699129,-0.004280487820694378
0.007,-0.0084,16.101451140524013,-0.008436261253350582,-0.004247957921392799
0.0071,-0.0084,16.102567790178387,-0.00782149985049162,-0.004179656652580289
0.0072,-0.0084,16.10314748686123,-0.00721033608560363,-0.004080699708797509
0.0073,-0.0084,16.103226187748152,-0.0066148756202889306,-0.003957971302408309
0.0074,-0.0084,16.102857839318972,-0.006045712023065371,-0.0038189353259680896
0.0075,-0.0084,16.102109231789328,-0.005511008294696031,-0.0036704494342959574
0.0076,-0.0084,16.101051359954624,-0.005015852255172121,-0.0035181276670455635
0.0077,-0.0084,16.099765782639256,-0.004561947451823637,-0.0033659238441624655
0.0078,-0.0084,16.098308115359597,-0.004147663021510362,-0.0032154633428281743
0.0079,-0.0084,16.096716538174835,-0.003768810893075864,-0.0030661149002331333
0.008,-0.0084,16.095049222689497,-0.003419830311091652,-0.0029152554694044873
0.0081,-0.0084,16.093363350579033,-0.003093761043026447,-0.0027596403164309273
0.0082,-0.0084,16.091617944763787,-0.002784273460865983,-0.002595268855599642
0.0083,-0.0084,16.08984677326564,-0.0024883036349301908,-0.0024185848550631614
0.0084,-0.0084,16.08811307842654,-0.0022027291758585634,-0.0022275414413898314
0.0085,-0.0084,16.086387528971578,-0.0019262195007569863,-0.0020221712668947196
0.0086,-0.0084,16.084667270868096,-0.001660912882143631,-0.0018047278358686181
0.0087,-0.0084,16.082964414063092,-0.0014098757646962964,-0.0015784934011361567
0.0088,-0.0084,16.081304344526004,-0.0011758030460065614,-0.0013481526755790545
0.0089,-0.0084,16.07970712760978,-0.0009616940046351839,-0.0011190710244300024
0.009,-0.0084,16.07819217964484,-0.0007682818494199161,-0.000897060371921274
0.0091,-0.0084,16.07665908423211,-0.0005971112578760655,-0.0006871704708392729
0.0092,-0.0084,16.075171153692345,-0.00045205332392281327,-0.0004937635124662655
0.0093,-0.0084,16.07379522202004,-0.0003328667090689367,-0.00032510701874520416
0.0094,-0.0084,16.072830064014877,-0.00022972282768560752,-0.00018135961896997865
0.0095,-0.0084,16.07081519395055,-0.00015917130197353743,-5.7215938027695775e-05
0.0096,-0.0084,16.07084091338579,-7.580092650857286e-05,3.8408503853311804e-05
0.0097,-0.0084,16.06995191392123,-4.2739644506684044e-05,8.561958191675604e-05
0.0098,-0.0084,16.06712944977347,-3.0229922395815278e-05,9.451390678536919e-05
0.0099,-0.0084,16.06721323598099,1.8433174865971734e-06,7.139908571897268e-05
0.01,-0.0084,0.0,0.0,0.0
0.0,-0.0083,0.0,0.0,0.0
0.0001,-0.0083,16.086286866471077,-3.420315816633263e-05,0.00026375202905216927
0.0002,-0.0083,16.08452559329174,-0.00010322131618190296,0.000482532248762112
0.0003,-0.0083,16.08238731624993,-0.00019833388915721598,0.0006804189846003617
0.0004,-0.0083,16.080493329871274,-0.0003206102689914481,0.0008626254265440669
0.0005,-0.0083,16.078685775937,-0.00046249681823544545,0.0010342606223146889
0.0006,-0.0083,16.077006097956392,-0.0006231542458778,0.0012021164929980348
0.0007,-0.0083,16.07540597229651,-0.000800297239284006,0.001372053082912208
0.0008,-0.0083,16.073888054238775,-0.0009940135042376217,0.0015478343591284773
0.0009,-0.0083,16.0724629424428,-0.0012040042759639362,0.0017292847609938367
0.001,-0.0083,16.07112381897271,-0.0014298928230071486,0.0019124755387745736
0.0011,-0.0083,16.06987272296124,-0.0016709694489159608,0.002091805627279752
0.0012,-0.0083,16.068713781779056,-0.0019260064765430334,0.002261450599166311
0.0013,-0.0083,16.06765105637738,-0.002193751423113413,0.002417068154898905
0.0014,-0.0083,16.066686794093638,-0.0024734506761440195,0.0025568752065393634
0.0015,-0.0083,16.06582211671289,-0.002765401985955978,0.0026820249148054864
0.0016,-0.0083,16.065056129216188,-0.0030707426318884643,0.0027957986663944214
0.0017,-0.0083,16.06438460851024,-0.003391656402514488,0.002902765249263248
0.0018,-0.0083,16.063800752275434,-0.0037304868349673937,0.003007364957977966
0.0019,-0.0083,16.063291735365144,-0.0040895257242980244,0.0031130813078417674
0.002,-0.0083,16.06283993904007,-0.004470173120767407,0.0032215913493939606
0.0021,-0.0083,16.06242438361588,-0.004872664846477763,0.00333267077262285
0.0022,-0.0083,16.062012108067478,-0.005295670187083932,0.0034446810008023493
0.0023,-0.0083,16.06156489731974,-0.005737800980379375,0.003553945525129929
0.0024,-0.0083,16.061037286801874,-0.006195034882072408,0.0036569889146749824
0.0025,-0.0083,16.06041440642815,-0.0066636118165215915,0.003750184574860353
0.0026,-0.0083,16.059672875218805,-0.007140398120226909,0.0038292217109367485
0.0027,-0.0083,16.05876747117984,-0.007620621465685939,0.003891298318122509
0.0028,-0.0083,16.057687525763633,-0.0081002813919472,0.003934349768088135
0.0029,-0.0083,16.05639294970496,-0.008576970952398944,0.003956985269742979
0.003,-0.0083,16.054909634949617,-0.00904933757177889,0.003958860371532492
0.0031,-0.0083,16.05326416480999,-0.009514307156902668,0.003940180882869746
0.0032,-0.0083,16.051419438524,-0.00997000284196032,0.0039013123931674314
0.0033,-0.0083,16.049422218782123,-0.010414948357194927,0.0038428652037336875
0.0034,-0.0083,16.047324401757063,-0.010845525960572252,0.0037648437822996234
0.0035,-0.0083,16.045139796309197,-0.011256643575611987,0.0036663331902632304
0.0036,-0.0083,16.04289024123223,-0.011643728058236068,0.0035463628259866514
0.0037,-0.0083,16.040621530429515,-0.012002308436192752,0.0034041047090953348
0.0038,-0.0083,16.03837520346935,-0.012328307335791024,0.00323938772209232
0.0039,-0.0083,16.03622414864873,-0.01261922470208066,0.0030531600470175124
0.004,-0.0083,16.034283159471737,-0.01287283183115813,0.002846126426860341
0.0041,-0.0083,16.032554214310046,-0.013087334880887255,0.0026188286030117123
0.0042,-0.0083,16.031043558713534,-0.013264112726868359,0.0023746159275029296
0.0043,-0.0083,16.02975733329815,-0.013407482214331357,0.0021172724193724577
0.0044,-0.0083,16.028699257245954,-0.013522201009538814,0.001847973970662451
0.0045,-0.0083,16.027953488243167,-0.013612356136829295,0.0015674176804735466
0.0046,-0.0083,16.027710113020195,-0.013678916600372086,0.0012786829203766943
0.0047,-0.0083,16.02817310963733,-0.013715726773424976,0.000990804382401143
0.0048,-0.0083,16.02875189279023,-0.013719514373412355,0.0007073489157847328
0.0049,-0.0083,16.028629810220274,-0.013710053582862269,0.0004145998864813751
0.005,-0.0083,16.02878516075767,-0.013716260089884707,0.00010636930014076975
0.0051,-0.0083,16.03015068720478,-0.013734808568008766,-0.0002106649453384257
0.0052,-0.0083,16.032575737220224,-0.013743602666393212,-0.0005372624573340402
0.0053,-0.0083,16.035431773327808,-0.013730917928826074,-0.0008636267620995997
0.0054,-0.0083,16.037417622668727,-0.013702470640240896,-0.0011824710222952855
0.0055,-0.0083,16.039873653728293,-0.013678211969057974,-0.0014952512160861934
0.0056,-0.0083,16.043102566020703,-0.01363828973144513,-0.0018092962685090671
0.0057,-0.0083,16.04656764159924,-0.013567087414151996,-0.00213984140349973
0.0058,-0.0083,16.050355204348136,-0.013478703152765312,-0.0024669928388168175
0.0059,-0.0083,16.0536932816455,-0.013380643734990354,-0.002777828609111924
0.006,-0.0083,16.05717497404216,-0.01326733843682904,-0.003087212456042554
0.0061,-0.0083,16.061332444051775,-0.013110184817756158,-0.0033967886501916657
0.0062,-0.0083,16.065885353638183,-0.012897260241185406,-0.0036906584671237606
0.0063,-0.0083,16.070294191376423,-0.012638170839392617,-0.003958225441462206
0.0064,-0.0083,16.07457765283265,-0.012331649240614792,-0.00420036202894307
0.0065,-0.0083,16.078866798378208,-0.011974194288401959,-0.0044165898447222724
0.0066,-0.0083,16.083182714894104,-0.01156296961476785,-0.004603571562817212
0.0067,-0.0083,16.08722830801891,-0.011090885926588023,-0.0047472203927892125
0.0068,-0.0083,16.090829143524772,-0.010560995857569306,-0.00483917144848216
0.0069,-0.0083,16.093981656632135,-0.009982359399950194,-0.004880861838899717
0.007,-0.0083,16.0965983749913,-0.00936386887170693,-0.004873011424475352
0.0071,-0.0083,16.098614164789286,-0.00871675069810905,-0.004817108289625159
0.0072,-0.0083,16.09998524415382,-0.008054402815349755,-0.0047169095515131165
0.0073,-0.0083,16.100729457353165,-0.007392091565664714,-0.004579417863317744
0.0074,-0.0083,16.100892646661926,-0.00674489945334812,-0.004413625032333799
0.0075,-0.0083,16.100538012481973,-0.006126221830523524,-0.00422887669393277
0.0076,-0.0083,16.099753375917825,-0.005546644969246132,-0.004034199324718585
0.0077,-0.0083,16.09863483255513,-0.005012802645374103,-0.003837142636996952
0.0078,-0.0083,16.097241627575613,-0.004527704939114435,-0.0036432246147170616
0.0079,-0.0083,16.09567782576985,-0.004089837398692675,-0.003454890611878043
0.008,-0.0083,16.094009431288633,-0.003694331218174393,-0.0032716231325771563
0.0081,-0.0083,16.092288145924584,-0.0033337956572999073,-0.0030902337749862375
0.0082,-0.0083,16.09051624826636,-0.0030002635852903066,-0.0029067505712756627
0.0083,-0.0083,16.08872735922779,-0.0026874623554842044,-0.0027161929134884868
0.0084,-0.0083,16.08695992177868,-0.0023891824703557592,-0.002514133258134034
0.0085,-0.0083,16.085175061220838,-0.0021021347335243414,-0.0022984474989656027
0.0086,-0.0083,16.08340280533766,-0.0018261950902545973,-0.002069280430515471
0.0087,-0.0083,16.081647939292466,-0.0015624695997547731,-0.0018289476498035628
0.0088,-0.0083,16.079918828284313,-0.0013134768453697495,-0.0015814393230431482
0.0089,-0.0083,16.07822453246517,-0.0010826189374640756,-0.0013322215007060087
0.009,-0.0083,16.076584640780833,-0.0008717256777653528,-0.00108735776502768
0.0091,-0.0083,16.074941764732923,-0.0006827261515616702,-0.0008536581374456662
0.0092,-0.0083,16.07332308362404,-0.0005215834609130644,-0.0006360050108126265
0.0093,-0.0083,16.07192049669945,-0.0003843882379532296,-0.0004401929798584273
0.0094,-0.0083,16.0706362334373,-0.00027264689315015017,-0.00026687954372247593
0.0095,-0.0083,16.069048982666374,-0.00018265301449146964,-0.0001307567032409776
0.0096,-0.0083,16.06796146589428,-0.00010115378394558535,-1.423105472458388e-05
0.0097,-0.0083,16.06702209593789,-6.450612129396224e-05,5.905174897193608e-05
0.0098,-0.0083,16.06594799064137,-2.824962469103313e-05,7.197876921267548e-05
0.0099,-0.0083,16.065058411422104,3.098761737864683e-06,5.9076657468134895e-05
0.01,-0.0083,0.0,0.0,0.0
0.0,-0.0082,0.0,0.0,0.0
0.0001,-0.0082,16.08678603375427,-3.9864230844530946e-05,0.0002989843398089041
0.0002,-0.0082,16.08514904895247,-0.00011023667972081035,0.0005592016466169724
0.0003,-0.0082,16.0829480383632,-0.0002118491081645517,0.0007912459730599985
0.0004,-0.0082,16.08089590693296,-0.0003400895674636698,0.0009990315266268043
0.0005,-0.0082,16.078972893714226,-0.0004913819702939678,0.0011910444558163498
0.0006,-0.0082,16.07719214247392,-0.0006617806831303084,0.0013768719182370166
0.0007,-0.0082,16.07552185126331,-0.0008497243060253465,0.0015636198389710624
0.0008,-0.0082,16.073936115312705,-0.001054857925710867,0.0017557509190119587
0.0009,-0.0082,16.072439885459072,-0.0012767436676257894,0.001953638249484985
0.001,-0.0082,16.071048025360007,-0.0015152722689483061,0.0021528830345554067
0.0011,-0.0082,16.0697566859503,-0.0017697591524542676,0.0023473026757683713
0.0012,-0.0082,16.06856820722814,-0.0020391515032651955,0.0025307726456259916
0.0013,-0.0082,16.06748579881092,-0.002322553441718356,0.002699280427602359
0.0014,-0.0082,16.066511054189274,-0.002619733201007734,0.002851929108641095
0.0015,-0.0082,16.06564206201285,-0.0029313719458186603,0.00299084274807331
0.0016,-0.0082,16.06487439764619,-0.003259270103767425,0.00312038277829145
0.0017,-0.0082,16.06420020809167,-0.003605660591472078,0.0032455189263553173
0.0018,-0.0082,16.063604853287078,-0.003972875892591799,0.0033706511331533036
0.0019,-0.0082,16.06306519805906,-0.004362636860684977,0.003498523579779804
0.002,-0.0082,16.062552833589717,-0.004775555894364235,0.0036296186739057275
0.0021,-0.0082,16.062041282424904,-0.005210732600048661,0.0037623055927202857
0.0022,-0.0082,16.061487306778048,-0.005666881814234773,0.0038933849240615874
0.0023,-0.0082,16.060837328879714,-0.006140320855932369,0.004019275649954028
0.0024,-0.0082,16.06006061568172,-0.0066266339826831,0.004135239002542345
0.0025,-0.0082,16.05912928609296,-0.007123041399694009,0.004236454979430729
0.0026,-0.0082,16.05799320709045,-0.007624165923933151,0.00431985823489376
0.0027,-0.0082,16.056622230442425,-0.008125955603564446,0.004382872007408962
0.0028,-0.0082,16.055021071343656,-0.0086249656400545,0.004423157562508249
0.0029,-0.0082,16.053171865891816,-0.0091181205324798,0.004440200973261277
0.003,-0.0082,16.051096073609497,-0.009603202944885378,0.0044339209097110505
0.0031,-0.0082,16.048835975931723,-0.010076890636007169,0.004404489639720931
0.0032,-0.0082,16.046384093591552,-0.010535551653983875,0.004351779690421951
0.0033,-0.0082,16.043740644301142,-0.010976349797989927,0.004276109566712561
0.0034,-0.0082,16.0409854983788,-0.011394740752436162,0.00417671888408685
0.0035,-0.0082,16.03817148772725,-0.011783815707491894,0.004051689297731924
0.0036,-0.0082,16.035317139131834,-0.012138577118430399,0.0039006948544352943
0.0037,-0.0082,16.032518473905437,-0.012455061482671982,0.003723907588707917
0.0038,-0.0082,16.029832401188447,-0.012730052936224695,0.003521845834043571
0.0039,-0.0082,16.02730717981166,-0.012962699017767773,0.003295858055180363
0.004,-0.0082,16.02500648963774,-0.013154513950024647,0.003048020083977068
0.0041,-0.0082,16.02298834722797,-0.013307065405151166,0.0027802581678852715
0.0042,-0.0082,16.021410442756352,-0.013420322152632835,0.002498350964015829
0.0043,-0.0082,16.020132177536365,-0.01349643166184978,0.002211982091752853
0.0044,-0.0082,16.01897871605878,-0.013545077379009892,0.0019191051659403332
0.0045,-0.0082,16.0181555288117,-0.013577032002114329,0.0016179168101682414
0.0046,-0.0082,16.01817331673638,-0.013594558111302557,0.0013115130459173119
0.0047,-0.0082,16.019154988033932,-0.013577856362508366,0.000997728839759547
0.0048,-0.0082,16.019673056965342,-0.013510515089299187,0.0006832290010032318
0.0049,-0.0082,16.019147214715215,-0.013424510805178346,0.000374664276384736
0.005,-0.0082,16.018553944064493,-0.0133535980892164,7.41879401901341e-05
0.0051,-0.0082,16.01876436152199,-0.013309087442868284,-0.00022823326518420646
0.0052,-0.0082,16.02115796282344,-0.013288512609935441,-0.0005418281638176238
0.0053,-0.0082,16.024040007774282,-0.013268056271514405,-0.0008565654959824442
0.0054,-0.0082,16.02677531444155,-0.013256978096206039,-0.0011856761637861067
0.0055,-0.0082,16.029620494561478,-0.01324589125107044,-0.0015164534210728837
0.0056,-0.0082,16.031398155858295,-0.013245802960851113,-0.0018509649406090749
0.0057,-0.0082,16.035095231493454,-0.013288171285817864,-0.0021940734958942752
0.0058,-0.0082,16.039464148957677,-0.013311541012441934,-0.002511846448210124
0.0059,-0.0082,16.042293643839276,-0.013311868484003354,-0.0028342041924930422
0.006,-0.0082,16.045408667221512,-0.01330669061526164,-0.003175910020056143
0.0061,-0.0082,16.049781349952827,-0.013248437538911506,-0.003531665376103949
0.0062,-0.0082,16.054719655037356,-0.013133459014843196,-0.0038732833084534042
0.0063,-0.0082,16.05918328589643,-0.012986795975241496,-0.0041841746198525015
0.0064,-0.0082,16.06350091598369,-0.012792612580665955,-0.004482890077789403
0.0065,-0.0082,16.067805709694397,-0.012541875722396494,-0.0047576286416974225
0.0066,-0.0082,16.072572459181156,-0.012236053162819525,-0.005002283309092105
0.0067,-0.0082,16.07757920201351,-0.011853002397295543,-0.005208788581055935
0.0068,-0.0082,16.082225791959573,-0.011391787102659137,-0.00536367192526459
0.0069,-0.0082,16.086397988091406,-0.010863545670645763,-0.005460571394279844
0.007,-0.0082,16.09005495241261,-0.01027460413553057,-0.005498883606958861
0.0071,-0.0082,16.09312381005064,-0.009634513861416763,-0.005478228217142654
0.0072,-0.0082,16.09550518002858,-0.008954115873450252,-0.005398641205566145
0.0073,-0.0082,16.097171275038686,-0.008249696803789125,-0.00526466920472397
0.0074,-0.0082,16.098129462206025,-0.007540062284278492,-0.005085524361669418
0.0075,-0.0082,16.09841362051977,-0.006843719974883697,-0.00487229730246903
0.0076,-0.0082,16.098115470017714,-0.006177229860404057,-0.004637065026551639
0.0077,-0.0082,16.09731977807974,-0.005553540786762679,-0.004391365943866609
0.0078,-0.0082,16.096106902700452,-0.004982311554782033,-0.0041453614633820916
0.0079,-0.0082,16.094645505401868,-0.0044671703718466155,-0.0039060564707961826
0.008,-0.0082,16.093010128827462,-0.004006356232187112,-0.003677008475689379
0.0081,-0.0082,16.091252688288144,-0.0035945539587525343,-0.003457511143412294
0.0082,-0.0082,16.089448962205378,-0.0032233925740341074,-0.0032441809102208207
0.0083,-0.0082,16.087619199594418,-0.0028838053875693305,-0.0030316618671876994
0.0084,-0.0082,16.08579543237272,-0.0025671993214428784,-0.00281371883859087
0.0085,-0.0082,16.08395967727743,-0.0022670602852459957,-0.0025857191451647966
0.0086,-0.0082,16.082123160820636,-0.001980042536291641,-0.0023451678149922117
0.0087,-0.0082,16.080301684731555,-0.0017051759595844691,-0.002092087885396117
0.0088,-0.0082,16.07848997797071,-0.0014436777762693415,-0.0018292131809035754
0.0089,-0.0082,16.07669606817799,-0.001198264091002075,-0.0015614794107611468
0.009,-0.0082,16.074923266716375,-0.0009721962662513559,-0.0012949633447633807
0.0091,-0.0082,16.073190598615966,-0.0007680125269712919,-0.0010368923763034836
0.0092,-0.0082,16.071486532876506,-0.0005903669549580564,-0.000794209311569998
0.0093,-0.0082,16.069937895000464,-0.0004362412714655347,-0.0005719191509059196
0.0094,-0.0082,16.068362797156627,-0.0003116958141020908,-0.00037609007291482884
0.0095,-0.0082,16.06712453254237,-0.00020429667265324454,-0.00021660387555302337
0.0096,-0.0082,16.06522158899138,-0.00013589197917774883,-8.810891959744148e-05
0.0097,-0.0082,16.063940439450498,-7.668289471679327e-05,1.7890069906907743e-07
0.0098,-0.0082,16.063405227024685,-2.168473206204015e-05,4.7933271713819525e-05
0.0099,-0.0082,16.06216368615244,-7.5412279973891665e-06,5.487709938499353e-05
0.01,-0.0082,0.0,0.0,0.0
0.0,-0.0081,0.0,0.0,0.0
0.0001,-0.0081,16.087568524719394,-3.84705780233302e-05,0.0003364707582630041
0.0002,-0.0081,16.08557513847834,-0.00011410189478576448,0.0006483043211395526
0.0003,-0.0081,16.083231206841912,-0.00021942320425876217,0.000912379477935681
0.0004,-0.0081,16.081060044931977,-0.00035657322675555607,0.0011446603073921053
0.0005,-0.0081,16.079035285986855,-0.0005166902602553682,0.0013573273968766175
0.0006,-0.0081,16.077142796976347,-0.0006970550019499684,0.0015613169337472428
0.0007,-0.0081,16.075384217955754,-0.0008956310374764058,0.0017656011399746546
0.0008,-0.0081,16.073744261402794,-0.0011118588435230473,0.001975110996853614
0.0009,-0.0081,16.072196816607597,-0.001345483227874368,0.002190158842922848
0.001,-0.0081,16.07075627483113,-0.001596624932977415,0.0024062853989844386
0.0011,-0.0081,16.06942829218939,-0.001864780387755067,0.0026167679608666387
0.0012,-0.0081,16.06821472043032,-0.0021491555479262975,0.002815355652796497
0.0013,-0.0081,16.067117116654334,-0.0024492740673115808,0.0029985323631092015
0.0014,-0.0081,16.066134219133506,-0.0027652614171685876,0.0031662148688074328
0.0015,-0.0081,16.065259951478065,-0.0030983025145635956,0.0033216476871681666
0.0016,-0.0081,16.064484622484557,-0.003450272726753797,0.003469781235577588
0.0017,-0.0081,16.0637935442554,-0.0038235022865778447,0.0036158801693856614
0.0018,-0.0081,16.06316316095178,-0.0042199869645122,0.0037638835056639694
0.0019,-0.0081,16.062561338758073,-0.004640650805701639,0.003915384114020306
0.002,-0.0081,16.06194664497507,-0.005085128359356109,0.004069710452732769
0.0021,-0.0081,16.061282585451004,-0.005551468113068232,0.004223914524813363
0.0022,-0.0081,16.06051792183864,-0.006037712445055974,0.004373402585891886
0.0023,-0.0081,16.059594019370728,-0.006539218051436103,0.00451347086990036
0.0024,-0.0081,16.05848119160942,-0.007051386309662998,0.004639177727937717
0.0025,-0.0081,16.057138701586076,-0.007570686816028228,0.004746366251213344
0.0026,-0.0081,16.055524899348995,-0.008091580126237747,0.0048314266610465974
0.0027,-0.0081,16.05363094561655,-0.008610434822999464,0.004892071335372555
0.0028,-0.0081,16.051448849645173,-0.00912282728776199,0.004926626106627231
0.0029,-0.0081,16.048977717057284,-0.009625556830470991,0.004934702214690484
0.003,-0.0081,16.04624269008736,-0.01011417619301546,0.004915298555449557
0.0031,-0.0081,16.043284405020863,-0.010584413887778971,0.0048683994700558075
0.0032,-0.0081,16.04014951457892,-0.011031105104149367,0.004793762613945416
0.0033,-0.0081,16.03684578888453,-0.011448894964191297,0.004690482809481955
0.0034,-0.0081,16.033442904665495,-0.011833522360078862,0.004558736778993552
0.0035,-0.0081,16.030064501265922,-0.012177971061140665,0.004397310279705338
0.0036,-0.0081,16.026751856664706,-0.012477063108692035,0.004206221317929221
0.0037,-0.0081,16.023530563021218,-0.012729182654216575,0.0039865045165035475
0.0038,-0.0081,16.0204912324477,-0.012934781237574062,0.0037392757364106727
0.0039,-0.0081,16.017815066319283,-0.01309356452362067,0.003467934973085196
0.004,-0.0081,16.015421480155172,-0.013208634161053326,0.0031803338936691695
0.0041,-0.0081,16.013368846522877,-0.013290544110764217,0.002878739246456047
0.0042,-0.0081,16.012242606482875,-0.013342113443120245,0.002563917229628634
0.0043,-0.0081,16.011247156527293,-0.013349393804762284,0.0022415657684013
0.0044,-0.0081,16.01022249871655,-0.01332702484674917,0.001917764090237074
0.0045,-0.0081,16.00992017007168,-0.013290431755334457,0.001598268611895709
0.0046,-0.0081,16.010113570119238,-0.013239997457739301,0.0012815449021376137
0.0047,-0.0081,16.011049418732327,-0.013179663209472932,0.0009525882428219626
0.0048,-0.0081,16.012060295797117,-0.013098762535700019,0.0006108000825112145
0.0049,-0.0081,16.012731484689084,-0.013004846770424267,0.0002787592004322432
0.005,-0.0081,16.013001472262093,-0.01290551139524183,-3.114089598673473e-05
0.0051,-0.0081,16.012910118278565,-0.012814377374355243,-0.0003239146183946365
0.0052,-0.0081,16.01420277784978,-0.012742442494354647,-0.0006061021614107025
0.0053,-0.0081,16.015805043455426,-0.01268028146086845,-0.0008915431558913831
0.0054,-0.0081,16.01888098518705,-0.012650525300688997,-0.0011913494591506925
0.0055,-0.0081,16.021700424167207,-0.012630102181528945,-0.0015026138764736474
0.0056,-0.0081,16.02229271340175,-0.012653684356117368,-0.0018169468962092043
0.0057,-0.0081,16.02550275790254,-0.012731353263918669,-0.002131817625998518
0.0058,-0.0081,16.028859207064585,-0.012773811698105958,-0.002449947344843168
0.0059,-0.0081,16.031195544314343,-0.012808870005779922,-0.0027950120154165694
0.006,-0.0081,16.033486562998306,-0.012852627267331024,-0.0031747534397938114
0.0061,-0.0081,16.038543850037907,-0.012918236812822502,-0.003559735269756839
0.0062,-0.0081,16.04448578835481,-0.012941566023027493,-0.003919605670424705
0.0063,-0.0081,16.047704035963594,-0.01291805391169298,-0.004268751108259677
0.0064,-0.0081,16.051558931385326,-0.012866547613767725,-0.004635528076198444
0.0065,-0.0081,16.056056173850017,-0.012744793816591882,-0.004981767473638914
0.0066,-0.0081,16.061335019579943,-0.01257528867761002,-0.0052912574923075235
0.0067,-0.0081,16.066921533371765,-0.012324741702879536,-0.005568951030891334
0.0068,-0.0081,16.072147142842724,-0.01198842502551871,-0.005798933760139713
0.0069,-0.0081,16.077091928695765,-0.011571529261895853,-0.00597219943901289
0.007,-0.0081,16.08161324882005,-0.011070969528603026,-0.006081445320130823
0.0071,-0.0081,16.085779098452406,-0.010491823611404914,-0.006121896238444264
0.0072,-0.0081,16.089396507456737,-0.009840267868677893,-0.006089238375281573
0.0073,-0.0081,16.092221987054778,-0.009134060905439759,-0.00598482797649444
0.0074,-0.0081,16.094233220954468,-0.008394555493987595,-0.0058150466658855125
0.0075,-0.0081,16.095420543122042,-0.007643220118919719,-0.00559091971367458
0.0076,-0.0081,16.095874864284756,-0.006901987983447021,-0.005326400313095793
0.0077,-0.0081,16.095615224904126,-0.006190628493521,-0.005036411590660234
0.0078,-0.0081,16.094769039461294,-0.005526830378647475,-0.004735853141060006
0.0079,-0.0081,16.093537919270027,-0.004921087896877635,-0.004437320245246086
0.008,-0.0081,16.09199139442789,-0.004377860797374827,-0.004149877209650448
0.0081,-0.0081,16.090248341176583,-0.0038965846183457876,-0.003878022278124528
0.0082,-0.0081,16.08840665058778,-0.003470716837718909,-0.0036211338676129827
0.0083,-0.0081,16.08652320207669,-0.0030906103929037552,-0.003374844584787359
0.0084,-0.0081,16.084628807909485,-0.002745777621916472,-0.0031322722987443393
0.0085,-0.0081,16.082716132077618,-0.002426397977133499,-0.0028866000660328402
0.0086,-0.0081,16.080808401013584,-0.0021254494086044,-0.0026323455935964796
0.0087,-0.0081,16.07891092753094,-0.0018391305329146855,-0.0023664875597342308
0.0088,-0.0081,16.077010575280397,-0.0015662932458478042,-0.0020893748036269508
0.0089,-0.0081,16.075117967637624,-0.0013086279616816529,-0.0018046263529619905
0.009,-0.0081,16.073236880819373,-0.0010690301224056237,-0.001517925072411442
0.0091,-0.0081,16.071388742026706,-0.0008505095783801122,-0.0012364668046821025
0.0092,-0.0081,16.069557307245024,-0.0006569115376835776,-0.000967986250528583
0.0093,-0.0081,16.067813937800505,-0.0004883075574345349,-0.0007186881712571941
0.0094,-0.0081,16.06611415730102,-0.00035078429997123615,-0.0004976306947510015
0.0095,-0.0081,16.065016806377844,-0.00023590033899165207,-0.0003073023632714538
0.0096,-0.0081,16.06297482145011,-0.0001614818590981905,-0.0001544984181485919
0.0097,-0.0081,16.062245436321426,-7.534602223879233e-05,-4.3558826283146795e-05
0.0098,-0.0081,16.060431760992028,-2.8937483910063534e-05,2.6715541678280698e-05
0.0099,-0.0081,16.057997872288535,-2.390267239020877e-05,4.349251281001763e-05
0.01,-0.0081,0.0,0.0,0.0
0.0,-0.008,0.0,0.0,0.0
0.0001,-0.008,16.087848443361537,-3.743311014821465e-05,0.00040936071732213534
0.0002,-0.008,16.085736470197848,-0.00011729034554229322,0.0007445647529228253
0.0003,-0.008,16.083276332170417,-0.0002259087417800123,0.0010383947945916687
0.0004,-0.008,16.080973833534895,-0.00037045364849524483,0.001298334094075034
0.0005,-0.008,16.078846882212517,-0.0005392735267941376,0.001532740780135814
0.0006,-0.008,16.076864501973475,-0.0007293657757054626,0.0017556383782221545
0.0007,-0.008,16.075013993406106,-0.000938243750329869,0.00197779950385475
0.0008,-0.008,16.073300272820028,-0.001165298438201606,0.0022054144911783776
0.0009,-0.008,16.071707439995695,-0.0014106829359599726,0.002438638887673882
0.001,-0.008,16.070226487764565,-0.0016745519008834978,0.0026727379771027287
0.0011,-0.008,16.06886587138846,-0.0019567991236669204,0.0029005788655916405
0.0012,-0.008,16.067631195239052,-0.0022569288287128206,0.003115963507469832
0.0013,-0.008,16.066521472969914,-0.002574755349785316,0.003315817242042708
0.0014,-0.008,16.065531497575883,-0.0029108172621333753,0.0035009793153374406
0.0015,-0.008,16.064648826226914,-0.0032664939089118374,0.0036755509391591516
0.0016,-0.008,16.063855672562784,-0.0036437112064067827,0.003845130996526372
0.0017,-0.008,16.063128135079225,-0.00404441623371626,0.004014694015850902
0.0018,-0.008,16.06243184518246,-0.004470043616797235,0.004187381879078277
0.0019,-0.008,16.061723721791896,-0.0049206667711605544,0.004363411977488232
0.002,-0.008,16.060954147172698,-0.005395050549746724,0.004540427180684972
0.0021,-0.008,16.060075140486756,-0.0058902319213116686,0.00471459658210072
0.0022,-0.008,16.059026895310755,-0.006402812262640266,0.00488068213125783
0.0023,-0.008,16.05775086675656,-0.006928410708123457,0.0050324769300783695
0.0024,-0.008,16.0562111181587,-0.007461969853923636,0.0051652114347599245
0.0025,-0.008,16.054368091516086,-0.00799887712659142,0.005275018386006871
0.0026,-0.008,16.05219466811328,-0.008534073447734089,0.005358329018483918
0.0027,-0.008,16.049686493894885,-0.009063050555012027,0.005413037273788944
0.0028,-0.008,16.046857538789357,-0.009580425750855055,0.0054371293582131264
0.0029,-0.008,16.043727913804954,-0.010081459604864892,0.00542980199912071
0.003,-0.008,16.040340338339366,-0.010560336194836317,0.005389849889119904
0.0031,-0.008,16.036727511677544,-0.01101123284827606,0.005316484003731397
0.0032,-0.008,16.03294024235815,-0.011428208718138055,0.005209133943834057
0.0033,-0.008,16.02905275813742,-0.011805884964598144,0.005067669609861341
0.0034,-0.008,16.025130804076593,-0.01213897319721561,0.004892978539873933
0.0035,-0.008,16.021290087782177,-0.012422879335131717,0.004685226197184186
0.0036,-0.008,16.01767788135199,-0.01265335101362382,0.004444649100750217
0.0037,-0.008,16.01426982695138,-0.012830246335329613,0.0041761150279644695
0.0038,-0.008,16.01114191361173,-0.012960592468648648,0.0038829826197502573
0.0039,-0.008,16.008754390293603,-0.013048414686360659,0.003567802212254534
0.004,-0.008,16.006728952095468,-0.013087370947344933,0.003237757275587527
0.0041,-0.008,16.005063197922453,-0.013087843127799502,0.0029030655443253433
0.0042,-0.008,16.003988763474744,-0.013061830854247967,0.002567250587939522
0.0043,-0.008,16.003212115357396,-0.01301196789808928,0.00221604299190105
0.0044,-0.008,16.00310883707694,-0.012944607248863517,0.0018628604303259529
0.0045,-0.008,16.003490480311058,-0.012853747775898075,0.0015251020053869998
0.0046,-0.008,16.003312771321333,-0.012748811809766157,0.0011969158524417565
0.0047,-0.008,16.00358905741071,-0.012661443859846433,0.0008710475527038388
0.0048,-0.008,16.0052474994747,-0.012591080259376818,0.0005388239191305449
0.0049,-0.008,16.007366963128423,-0.012523247448444932,0.00020658413102373982
0.005,-0.008,16.009122107552695,-0.012458650186342905,-0.00011402068505727037
0.0051,-0.008,16.010201907678386,-0.012401104490557615,-0.0004144710057448185
0.0052,-0.008,16.01145918891272,-0.012350707390000208,-0.0006984307162515341
0.0053,-0.008,16.013029345512404,-0.012301725392167328,-0.0009760968565173613
0.0054,-0.008,16.015179703393894,-0.0122575653185216,-0.001235562245445413
0.0055,-0.008,16.01705073322886,-0.012233431730998938,-0.0014949181741007842
0.0056,-0.008,16.018237996594642,-0.012262587565043998,-0.0017741235943241644
0.0057,-0.008,16.021781394832427,-0.012289529107550358,-0.002070279559618097
0.0058,-0.008,16.023125858740364,-0.01224866949965175,-0.0024013179728342793
0.0059,-0.008,16.02301123577829,-0.012258101953744296,-0.0027627527122686484
0.006,-0.008,16.025128398778023,-0.01232541599399713,-0.003131261450080515
0.0061,-0.008,16.029600153401283,-0.012398628242236025,-0.0034820457772534548
0.0062,-0.008,16.034321427910484,-0.012450295625686152,-0.003844200535107637
0.0063,-0.008,16.035936504838066,-0.012492558944288596,-0.0042519522011136785
0.0064,-0.008,16.040437740665656,-0.012579472134487648,-0.004668564445278799
0.0065,-0.008,16.045853675440203,-0.012603952189344488,-0.005053870936990586
0.0066,-0.008,16.050399890473813,-0.012557739088510761,-0.005424233410823423
0.0067,-0.008,16.055967626116583,-0.012455132866514826,-0.005781015730199409
0.0068,-0.008,16.06118800745736,-0.012267351706121532,-0.006095409835538966
0.0069,-0.008,16.066362945204183,-0.012000438825300441,-0.006358628111051023
0.007,-0.008,16.07158852971116,-0.011639143521455345,-0.0065627016653985685
0.0071,-0.008,16.076845903864566,-0.011176456020907367,-0.006693275942331939
0.0072,-0.008,16.08163313474865,-0.010612073813953855,-0.006738035582919131
0.0073,-0.008,16.085681137093847,-0.009961017712201582,-0.006694808389965247
0.0074,-0.008,16.08889298253527,-0.009242439485660704,-0.006565867738366904
0.0075,-0.008,16.091214230001484,-0.008477990214611042,-0.006359110790937296
0.0076,-0.008,16.092671872658393,-0.007692421408316071,-0.006087426361909077
0.0077,-0.008,16.093223512127413,-0.006911962525936333,-0.00576799143384945
0.0078,-0.008,16.093009427587997,-0.006161999525847169,-0.005419610822079548
0.0079,-0.008,16.092195427960636,-0.005461898913585437,-0.005060610715449238
0.008,-0.008,16.09087018103715,-0.004825210052922152,-0.0047069232191585715
0.0081,-0.008,16.089223511499913,-0.004258598871286512,-0.00436983648494689
0.0082,-0.008,16.087378055316584,-0.0037604498706140816,-0.0040542874789072925
0.0083,-0.008,16.085439258606584,-0.003323511296193395,-0.003759447596068363
0.0084,-0.008,16.08345588365414,-0.0029370222566708674,-0.0034797595254130124
0.0085,-0.008,16.081450110674016,-0.002588707221184706,-0.0032073483695670667
0.0086,-0.008,16.07945940740601,-0.0022679688968170095,-0.0029338136743542772
0.0087,-0.008,16.077472204471285,-0.0019673959267153983,-0.002652662608101417
0.0088,-0.008,16.075474330676222,-0.001682802964807751,-0.0023611522323486274
0.0089,-0.008,16.073476066987567,-0.0014136737864754918,-0.0020602061826443356
0.009,-0.008,16.071479416273295,-0.0011617789961731288,-0.0017543920521601976
0.0091,-0.008,16.069496046574482,-0.0009301674782921264,-0.0014503866776378596
0.0092,-0.008,16.067541667095174,-0.0007220626850405682,-0.0011564979810001447
0.0093,-0.008,16.065637749420546,-0.0005407532984545225,-0.0008801875660027343
0.0094,-0.008,16.06394169473183,-0.0003859584291865665,-0.0006306905916858313
0.0095,-0.008,16.062153185677253,-0.0002628573878657916,-0.0004081501053721855
0.0096,-0.008,16.059570752277423,-0.0001665005642990815,-0.00023506507860734873
0.0097,-0.008,16.058858570832953,-8.376840458465673e-05,-0.00010651498161454327
0.0098,-0.008,16.056871939566335,-6.039593830660264e-05,-2.04653604311804e-05
0.0099,-0.008,16.054582627839505,-3.542748744992617e-05,9.92596628602248e-06
0.01,-0.008,0.0,0.0,0.0
0.0,-0.0079,0.0,0.0,0.0
0.0001,-0.0079,16.088021370435445,-4.02182972466219e-05,0.00045146047475633536
0.0002,-0.0079,16.08562387693589,-0.00010720770044525456,0.0008396830680555416
0.0003,-0.0079,16.083040173895412,-0.00023176070918024018,0.0011714866700895002
0.0004,-0.0079,16.080597404120123,-0.00038179689040547223,0.0014601330248232053
0.0005,-0.0079,16.07837994217933,-0.0005598863872532153,0.0017175348486788706
0.0006,-0.0079,16.07631497319857,-0.0007590616769197894,0.0019602180077962716
0.0007,-0.0079,16.07438980227872,-0.0009780521885239307,0.0022008442006109055
0.0008,-0.0079,16.07260733060343,-0.0012157983456070158,0.0024470449093454694
0.0009,-0.0079,16.070964795507326,-0.0014729538757635983,0.0026994489150033068
0.001,-0.0079,16.069445792833008,-0.0017498390844627074,0.0029529356110185303
0.0011,-0.0079,16.068058302322978,-0.002046612293418319,0.0031998608897252263
0.0012,-0.0079,16.06680787891907,-0.0023631999793732525,0.0034339244797884005
0.0013,-0.0079,16.06568747802887,-0.0026996648395036047,0.00365266749684733
0.0014,-0.0079,16.064686734034524,-0.0030567098612871444,0.003857815208465244
0.0015,-0.0079,16.06378587380882,-0.003435859829575154,0.0040540846656133295
0.0016,-0.0079,16.06295790346126,-0.003838722392683156,0.004247223282732098
0.0017,-0.0079,16.06216776281756,-0.004266795596958925,0.004441805635582279
0.0018,-0.0079,16.061366975194925,-0.00472062624498475,0.004639810626079188
0.0019,-0.0079,16.060500233725943,-0.005199419357654147,0.004840161453631101
0.002,-0.0079,16.059512679915745,-0.005700776743363398,0.00503915750583897
0.0021,-0.0079,16.058346499986747,-0.006221330830973458,0.005231524330340355
0.0022,-0.0079,16.0569358574996,-0.006756667276131619,0.005411099246981682
0.0023,-0.0079,16.055226957864562,-0.007301620662415482,0.005571642315496953
0.0024,-0.0079,16.05317893211962,-0.007851100165709734,0.00570815236729019
0.0025,-0.0079,16.05076051530397,-0.00839968366310782,0.005816557802481436
0.0026,-0.0079,16.047960639194237,-0.008941866436212354,0.0058935772201766335
0.0027,-0.0079,16.04478704151117,-0.00947169470962405,0.0059366284618460165
0.0028,-0.0079,16.041268313715825,-0.009982931911808771,0.0059436132009916594
0.0029,-0.0079,16.037445790359833,-0.010469167039514757,0.005912785538191345
0.003,-0.0079,16.033404519813416,-0.010923444631426244,0.005842500772433589
0.0031,-0.0079,16.0292123724351,-0.011338945304722285,0.005732132912142156
0.0032,-0.0079,16.02490319378051,-0.011710018268941764,0.005581814405840315
0.0033,-0.0079,16.020592417751544,-0.012031909569448374,0.005391854748130102
0.0034,-0.0079,16.01639273977172,-0.012299697325578316,0.005165166778449859
0.0035,-0.0079,16.012341523971173,-0.01251180491511309,0.004904773224801689
0.0036,-0.0079,16.00877987515447,-0.012669846724061452,0.004611526244350733
0.0037,-0.0079,16.005620612295573,-0.012770382296512228,0.004290011096308768
0.0038,-0.0079,16.002837412352054,-0.012819344789816424,0.003948816756811424
0.0039,-0.0079,16.000645111120928,-0.012826674335086823,0.0035948698319678615
0.004,-0.0079,15.99908227786508,-0.012797357508841568,0.0032260702257147947
0.0041,-0.0079,15.998339568187786,-0.012730122009760841,0.0028539750397778797
0.0042,-0.0079,15.997191306828421,-0.012632170220682033,0.002493576101717494
0.0043,-0.0079,15.996934799508454,-0.012542093020952735,0.0021346101937660834
0.0044,-0.0079,15.998156751834685,-0.012447189461044658,0.0017790618798230445
0.0045,-0.0079,15.99910416479231,-0.01233143929656002,0.0014324613675894024
0.0046,-0.0079,15.999487237163457,-0.012225729852972007,0.0010955604145011931
0.0047,-0.0079,16.00055458793856,-0.01214592098777618,0.0007747633840167671
0.0048,-0.0079,16.002688156495118,-0.012079804310380174,0.00046747652313563326
0.0049,-0.0079,16.004871407222172,-0.012020489356859036,0.00016538037928383808
0.005,-0.0079,16.00689937125457,-0.01197520892626396,-0.0001352213243406961
0.0051,-0.0079,16.008571590762806,-0.011943609237685341,-0.00043247920383324243
0.0052,-0.0079,16.010487079958153,-0.011926292565712364,-0.0007252743692768899
0.0053,-0.0079,16.01301132193255,-0.011909674445195138,-0.0010139511006161857
0.0054,-0.0079,16.015727258487022,-0.011874373962023404,-0.0012843523422800991
0.0055,-0.0079,16.01640794499798,-0.01182819614065074,-0.001528475335820276
0.0056,-0.0079,16.01614375748189,-0.01182685457673905,-0.0017804370855509504
0.0057,-0.0079,16.019483264203526,-0.011835253870258938,-0.0020739274867973795
0.0058,-0.0079,16.02126600685086,-0.011783560727042045,-0.0024081471701478565
0.0059,-0.0079,16.02027909785789,-0.011790878829340639,-0.002750394652363029
0.006,-0.0079,16.022429929529,-0.011875463019257472,-0.0030837490576398987
0.0061,-0.0079,16.026275386813424,-0.011897856750082,-0.0034177693665137
0.0062,-0.0079,16.027436080630544,-0.011894984933089305,-0.003781920415897748
0.0063,-0.0079,16.027981157353395,-0.011968787196633869,-0.00419128495705019
0.0064,-0.0079,16.03212075628425,-0.012090407281442728,-0.004592675597585605
0.0065,-0.0079,16.03603712914398,-0.012179400915864487,-0.0050012694138791116
0.0066,-0.0079,16.039985109893678,-0.012250351876847525,-0.0054348756923390295
0.0067,-0.0079,16.04558682235427,-0.01229019023689952,-0.0058468607244505574
0.0068,-0.0079,16.050690631236023,-0.012252780769599833,-0.006236955052432754
0.0069,-0.0079,16.055544523546462,-0.012136093000669857,-0.006595191323561926
0.007,-0.0079,16.060882964895196,-0.011929995583216505,-0.006897390059242141
0.0071,-0.0079,16.066694134977542,-0.011619972262400472,-0.007132680270770945
0.0072,-0.0079,16.07235331789143,-0.011194725562885555,-0.007284823495824107
0.0073,-0.0079,16.077467179250885,-0.010654319936820391,-0.007337559509461481
0.0074,-0.0079,16.081899134870966,-0.010011799220020991,-0.007285986404087164
0.0075,-0.0079,16.08552537479169,-0.00928572880400337,-0.007133175667309331
0.0076,-0.0079,16.088206971514587,-0.008500206919751986,-0.006887749879558457
0.0077,-0.0079,16.089857429909653,-0.007684897170498042,-0.006565980989104362
0.0078,-0.0079,16.090556618287167,-0.006870720347491501,-0.00618831351033455
0.0079,-0.0079,16.090393252217673,-0.006086147226961014,-0.0057780666288538025
0.008,-0.0079,16.089500841041726,-0.005355081242184453,-0.005358211568688391
0.0081,-0.0079,16.088087001427265,-0.004693562806869991,-0.004947986082149497
0.0082,-0.0079,16.086321022825505,-0.004108508219196489,-0.004560536193309906
0.0083,-0.0079,16.084356921640012,-0.003598191071954943,-0.004201462231583046
0.0084,-0.0079,16.082284773890542,-0.0031544226626080063,-0.003869316474920223
0.0085,-0.0079,16.080173581365518,-0.002764502269984689,-0.003557210621791374
0.0086,-0.0079,16.078077372652494,-0.0024150504140330103,-0.003255090990548062
0.0087,-0.0079,16.075979703048983,-0.0020948093216540346,-0.0029531721093089347
0.0088,-0.0079,16.07387146284884,-0.0017958871327273074,-0.002644803313506688
0.0089,-0.0079,16.071757805301687,-0.0015147667887470437,-0.00232747962367033
0.009,-0.0079,16.069638111173774,-0.0012511107487867676,-0.0020032705137843112
0.0091,-0.0079,16.067517625402395,-0.0010071945068891542,-0.0016776799507887438
0.0092,-0.0079,16.06543337965628,-0.0007858167224423999,-0.0013587865680735462
0.0093,-0.0079,16.063368277290106,-0.0005912365199431298,-0.0010554298198754404
0.0094,-0.0079,16.06144153116275,-0.00042139942628245696,-0.0007762445119318475
0.0095,-0.0079,16.0589587859698,-0.00028949780864046643,-0.0005309850136231871
0.0096,-0.0079,16.05735041095025,-0.00017688348016720832,-0.00033578995950146983
0.0097,-0.0079,16.056939620819094,-0.00010920094101142156,-0.00018211727131095887
0.0098,-0.0079,16.054770349340416,-7.73369761352155e-05,-7.561614853200573e-05
0.0099,-0.0079,16.053098671309467,-2.6100510257977124e-05,-2.1216303690327207e-05
0.01,-0.0079,0.0,0.0,0.0
0.0,-0.0078,0.0,0.0,0.0
0.0001,-0.0078,16.087571146389262,-4.1718255488602994e-05,0.000493286537346003
0.0002,-0.0078,16.08513965122807,-0.00011176239591170538,0.0009369270227471127
0.0003,-0.0078,16.082447299377055,-0.00023826113629321155,0.0013105895422668807
0.0004,-0.0078,16.079916400537336,-0.0003934540662753793,0.0016287286193844722
0.0005,-0.0078,16.07760653798475,-0.000578867685272869,0.0019108117230368271
0.0006,-0.0078,16.075466189353474,-0.0007867661660553027,0.0021741773643857067
0.0007,-0.0078,16.07349065872953,-0.001015378291338716,0.0024340656315670743
0.0008,-0.0078,16.071652554169187,-0.0012637019907323164,0.0026998252168653
0.0009,-0.0078,16.06994696575784,-0.001532782097878329,0.002972463516256573
0.001,-0.0078,16.068389575102497,-0.0018231556567127555,0.0032464984797893797
0.0011,-0.0078,16.066984070748777,-0.0021349682647473496,0.0035141492676472623
0.0012,-0.0078,16.065723200579768,-0.0024685277990450566,0.0037690431125915395
0.0013,-0.0078,16.064592124267442,-0.0028242306851119386,0.0040090752720356995
0.0014,-0.0078,16.063573073159507,-0.0032027978232629832,0.0042366411699885104
0.0015,-0.0078,16.0626379636863,-0.003605570791071302,0.004456853590023369
0.0016,-0.0078,16.061747880023557,-0.0040337938396764,0.004675294194366379
0.0017,-0.0078,16.060854983284294,-0.004488247980483432,0.004895821045396714
0.0018,-0.0078,16.059899924546954,-0.004968548397275236,0.005119241464306199
0.0019,-0.0078,16.058818726814593,-0.00547293684805999,0.005343121945517223
0.002,-0.0078,16.0575521064298,-0.005997839040365326,0.005562437753945611
0.0021,-0.0078,16.056030326966166,-0.006539690795649984,0.005770434421619543
0.0022,-0.0078,16.05418100599504,-0.007093132496234649,0.005960304726025609
0.0023,-0.0078,16.051961358771493,-0.0076520774828987975,0.006125850658956256
0.0024,-0.0078,16.049336918257513,-0.008211162346629285,0.006261671033719895
0.0025,-0.0078,16.046285960584942,-0.00876405722151443,0.006363598603165868
0.0026,-0.0078,16.04281620213735,-0.009304174514553936,0.006428062885151576
0.0027,-0.0078,16.038954691117535,-0.009824445414605865,0.0064521419742930046
0.0028,-0.0078,16.03475874245446,-0.010317119704643858,0.006432974981750809
0.0029,-0.0078,16.030298860683512,-0.010774836819942003,0.006368805285699225
0.003,-0.0078,16.025676704572763,-0.0111899570884235,0.006257857962797398
0.0031,-0.0078,16.020978314113933,-0.011556241868331867,0.006099800347478961
0.0032,-0.0078,16.016309804561935,-0.011868994961600095,0.005896383014429251
0.0033,-0.0078,16.01177196855361,-0.012126207874389314,0.005652171830796899
0.0034,-0.0078,16.007718962804276,-0.012324719618238125,0.005368990274629634
0.0035,-0.0078,16.003904196365276,-0.012458848359134033,0.005050813377934794
0.0036,-0.0078,16.000552598151234,-0.012535069791493464,0.004703284961315412
0.0037,-0.0078,15.997795879863089,-0.012558706876091721,0.004330571042534136
0.0038,-0.0078,15.995765576237444,-0.012534600730423931,0.003940323040101388
0.0039,-0.0078,15.993973021174382,-0.012470354088723639,0.0035472452250282843
0.004,-0.0078,15.992992276472854,-0.0123915822290159,0.0031553614242352847
0.0041,-0.0078,15.993397185646188,-0.012293769445471744,0.0027649803694683997
0.0042,-0.0078,15.993391945768707,-0.01217535653216208,0.0023829705369665614
0.0043,-0.0078,15.994100131575534,-0.01207076230556921,0.00202008611747346
0.0044,-0.0078,15.99581483279178,-0.011964393666684548,0.0016727500289936748
0.0045,-0.0078,15.997557612037445,-0.011855822075378067,0.0013310955488221709
0.0046,-0.0078,15.999322203706452,-0.0117638801339126,0.0010031869640239211
0.0047,-0.0078,16.001348727839737,-0.011686986733801492,0.0006958282370730414
0.0048,-0.0078,16.00360426135282,-0.011617844117265382,0.00040351954459190106
0.0049,-0.0078,16.00592738659759,-0.011558854089393434,0.00011511243620632725
0.005,-0.0078,16.00844079296922,-0.011513455859477408,-0.00017256838762932459
0.0051,-0.0078,16.01060480249083,-0.011484920558442616,-0.00045777479267823776
0.0052,-0.0078,16.013253759174184,-0.011477881183778686,-0.000740031958354719
0.0053,-0.0078,16.016675543078332,-0.01146463876716339,-0.001015920753355196
0.0054,-0.0078,16.019338636052534,-0.011417480213473222,-0.0012869529986534332
0.0055,-0.0078,16.019457148354594,-0.011340175682155573,-0.0015629303370322985
0.0056,-0.0078,16.01751199609511,-0.011292921543668354,-0.0018302881114228536
0.0057,-0.0078,16.018501850238536,-0.011291526526485652,-0.0021141597385542507
0.0058,-0.0078,16.020628826206707,-0.011269311276667398,-0.0024232298669878585
0.0059,-0.0078,16.020665785634257,-0.011270091571945636,-0.002727852649626214
0.006,-0.0078,16.02230642087646,-0.0113189814838226,-0.003042793354033756
0.0061,-0.0078,16.025629549556243,-0.01134032124169545,-0.0033802698594762462
0.0062,-0.0078,16.025614744561267,-0.011356590024261579,-0.003740788938121884
0.0063,-0.0078,16.02602666010452,-0.011448129229179203,-0.00411091124695035
0.0064,-0.0078,16.028481372289615,-0.011529280382386955,-0.004488609037817127
0.0065,-0.0078,16.029162346854005,-0.011604077278914333,-0.0049039172109475605
0.0066,-0.0078,16.032376816438113,-0.011734166559093644,-0.005350157922053515
0.0067,-0.0078,16.03650726207283,-0.01183923212698003,-0.005787270884115444
0.0068,-0.0078,16.040318153008297,-0.011927017531819614,-0.006240324140761632
0.0069,-0.0078,16.04560711289861,-0.011976144585366383,-0.006682204443923636
0.007,-0.0078,16.050804638833128,-0.0119299206470215,-0.007072629064470125
0.0071,-0.0078,16.056056422996644,-0.011783672542770025,-0.007412190001054949
0.0072,-0.0078,16.061958262533526,-0.011529197099194442,-0.007681825982058537
0.0073,-0.0078,16.067908854221127,-0.011143897174174675,-0.007860334608815488
0.0074,-0.0078,16.073405993472072,-0.010628247037744763,-0.007920960208011366
0.0075,-0.0078,16.078303726468075,-0.009994427727042881,-0.007860327189561013
0.0076,-0.0078,16.082294182418174,-0.009261882699597705,-0.0076805891664947674
0.0077,-0.0078,16.085243960128622,-0.008459226676366722,-0.007393807343436164
0.0078,-0.0078,16.087100304379078,-0.00761828726301921,-0.00701794823649499
0.0079,-0.0078,16.08786309550824,-0.006774621001851047,-0.006578429273593669
0.008,-0.0078,16.087664060686613,-0.005961296126773304,-0.0061036056497359645
0.0081,-0.0078,16.086689405306544,-0.005205560412584937,-0.005621146162883496
0.0082,-0.0078,16.085144815768857,-0.004525339452355179,-0.005154005244280437
0.0083,-0.0078,16.083234005747435,-0.003928013271398537,-0.004716899637290368
0.0084,-0.0078,16.08110429347912,-0.003411391275287126,-0.004315994710767398
0.0085,-0.0078,16.078888109844506,-0.002965375387802915,-0.003948430697781653
0.0086,-0.0078,16.076666086486412,-0.0025756449358787722,-0.0036047790525271578
0.0087,-0.0078,16.074434177412144,-0.002227643434057357,-0.0032730378538955423
0.0088,-0.0078,16.072196269297706,-0.0019096685780051973,-0.0029426810841982447
0.0089,-0.0078,16.06995377793185,-0.0016143503938816166,-0.002606903384839635
0.009,-0.0078,16.067702396841437,-0.0013384685428460938,-0.002264075109022761
0.0091,-0.0078,16.065443374895995,-0.0010825333044395691,-0.0019175193142195591
0.0092,-0.0078,16.06320533809375,-0.0008488041823767813,-0.001574202455157628
0.0093,-0.0078,16.060968629130034,-0.0006410886475593468,-0.0012438443529323555
0.0094,-0.0078,16.05878209165929,-0.0004608038890053696,-0.0009359900280648548
0.0095,-0.0078,16.05636635036461,-0.0003148720449986826,-0.000664719330909153
0.0096,-0.0078,16.05498197690054,-0.0001944789731006665,-0.00042648730166380285
0.0097,-0.0078,16.053435437916914,-0.00011927261149731724,-0.00022169371653726303
0.0098,-0.0078,16.05168461377276,-5.779146450782321e-05,-9.519327333014132e-05
0.0099,-0.0078,16.051174305758927,-1.1285981688071763e-05,-2.8025821911229116e-05
0.01,-0.0078,0.0,0.0,0.0
0.0,-0.0077,0.0,0.0,0.0
0.0001,-0.0077,16.086785677050088,-3.662111976023503e-05,0.0005641865548729021
0.0002,-0.0077,16.084417275043787,-0.00012098690458927982,0.0010402003401257102
0.0003,-0.0077,16.081553753251207,-0.00024398564240071276,0.0014526649262642354
0.0004,-0.0077,16.078933264323624,-0.000404552585943404,0.0018042734568483555
0.0005,-0.0077,16.07652071632658,-0.0005964618062998001,0.002112560301885404
0.0006,-0.0077,16.07430342695361,-0.000812990263568813,0.0023977686761342326
0.0007,-0.0077,16.072255322058684,-0.0010504219785691443,0.002678722701214945
0.0008,-0.0077,16.070365157115145,-0.0013093771935129346,0.0029652826965522287
0.0009,-0.0077,16.068621740472018,-0.0015905632830381742,0.003258987873668098
0.001,-0.0077,16.06703559875892,-0.0018945948930066568,0.003554835868432156
0.0011,-0.0077,16.06561119640497,-0.0022219393958767286,0.0038448807465910383
0.0012,-0.0077,16.064337727872818,-0.0025729609513846442,0.004122659081010202
0.0013,-0.0077,16.063191079994564,-0.002948228057250473,0.004386176572396988
0.0014,-0.0077,16.06214268425297,-0.003348458776640027,0.004638126915025436
0.0015,-0.0077,16.061152971473877,-0.003774504470357446,0.004883917222060728
0.0016,-0.0077,16.060171051163092,-0.00422706493032466,0.005128802060860579
0.0017,-0.0077,16.059136467874062,-0.004706104086464582,0.005375679593146815
0.0018,-0.0077,16.05797977468381,-0.005210288776929226,0.005623972235657464
0.0019,-0.0077,16.056628712467123,-0.005736869213163856,0.005869679665983779
0.002,-0.0077,16.05501749314233,-0.00628163296945962,0.006106322407727655
0.0021,-0.0077,16.053070080512516,-0.00684017276140991,0.006326446292260955
0.0022,-0.0077,16.0507155458419,-0.00740617399894344,0.006522860565342865
0.0023,-0.0077,16.047922367220266,-0.007973073042482482,0.00668885569029503
0.0024,-0.0077,16.044668819988903,-0.008534661222847167,0.0068186443249721625
0.0025,-0.0077,16.040951238267255,-0.009083461802491297,0.006907675024927423
0.0026,-0.0077,16.03680187803571,-0.00961162538747943,0.006951843873026631
0.0027,-0.0077,16.03227423774391,-0.010111045691562898,0.006947935331988766
0.0028,-0.0077,16.027462960975463,-0.010572986912816922,0.006892721532297654
0.0029,-0.0077,16.022465277294508,-0.010989638696491107,0.0067846917235038036
0.003,-0.0077,16.017396236234298,-0.011354311123565212,0.006622567646584314
0.0031,-0.0077,16.012399550988068,-0.011662673727712076,0.006408372199598403
0.0032,-0.0077,16.007677959204713,-0.011911127766173719,0.006147251320294084
0.0033,-0.0077,16.003261882245635,-0.012097254084734586,0.005843287905083507
0.0034,-0.0077,15.999402262150197,-0.012218639682908334,0.005500289075691542
0.0035,-0.0077,15.99601707559536,-0.012275656832625442,0.005122112924880909
0.0036,-0.0077,15.993258562163113,-0.012278688608395164,0.00471891823751989
0.0037,-0.0077,15.991158420497989,-0.01223997589885943,0.004302534342173221
0.0038,-0.0077,15.990106660604472,-0.012172879989596739,0.0038799408041667637
0.0039,-0.0077,15.989634984200405,-0.012081677230088784,0.0034587905976959585
0.004,-0.0077,15.989685065997492,-0.01198386988202882,0.003051797132399672
0.0041,-0.0077,15.99091043510902,-0.011882108783073612,0.002658429162522839
0.0042,-0.0077,15.992465440185772,-0.011775333681788224,0.0022752945183598505
0.0043,-0.0077,15.994260302767993,-0.011677148404435737,0.0019155142508167464
0.0044,-0.0077,15.996307069032923,-0.011587075551502322,0.00157511404698602
0.0045,-0.0077,15.999072372194686,-0.011508889376378381,0.0012449320895449546
0.0046,-0.0077,16.001951634832185,-0.011435808109528229,0.0009290437185933871
0.0047,-0.0077,16.004378833506756,-0.011370975399994376,0.0006278184774551141
0.0048,-0.0077,16.006811766334717,-0.01131787172174535,0.0003384808160092005
0.0049,-0.0077,16.009552427457333,-0.011272741108125723,5.9915906925111086e-05
0.005,-0.0077,16.01255679915627,-0.011232213018256302,-0.00021191830316606773
0.0051,-0.0077,16.015078982232147,-0.0112006900279671,-0.00048415492380072384
0.0052,-0.0077,16.017858420198753,-0.011186412764468811,-0.0007569461019112355
0.0053,-0.0077,16.021394536540747,-0.011164692566458554,-0.0010313162054655356
0.0054,-0.0077,16.024371802625513,-0.011109080437399114,-0.0013186059384243374
0.0055,-0.0077,16.02601869360577,-0.011012494364853588,-0.0016239782709094558
0.0056,-0.0077,16.022869992066187,-0.010926664068363188,-0.0019120622449248794
0.0057,-0.0077,16.022068788426353,-0.010913077904298622,-0.0021754315366834492
0.0058,-0.0077,16.02439927433233,-0.010868245745984585,-0.0024407328811352326
0.0059,-0.0077,16.02424824206152,-0.01080219943866787,-0.0027305805167258815
0.006,-0.0077,16.025383542212307,-0.010789190721989483,-0.003035311138610299
0.0061,-0.0077,16.02699134340741,-0.010782501915099205,-0.0033446963672989862
0.0062,-0.0077,16.02668350099828,-0.010804374735564937,-0.0036812480987165118
0.0063,-0.0077,16.02686679502545,-0.0108767614677205,-0.004032776474601151
0.0064,-0.0077,16.02824548148387,-0.01094982566599405,-0.004405646076654669
0.0065,-0.0077,16.027551326301687,-0.011042830703050389,-0.004805175755193692
0.0066,-0.0077,16.029776028553183,-0.011174981887459315,-0.005221033794485662
0.0067,-0.0077,16.03089750526959,-0.011266939654036153,-0.005662367533877236
0.0068,-0.0077,16.032367454490302,-0.01139538732036773,-0.006141803315988676
0.0069,-0.0077,16.036937063836948,-0.011533778131546702,-0.006620532604431462
0.007,-0.0077,16.04130716711581,-0.011621443177129459,-0.007090139954460999
0.0071,-0.0077,16.046415062052112,-0.011647620197801854,-0.007529082190164724
0.0072,-0.0077,16.051427532575794,-0.011564374947724266,-0.007907491823740068
0.0073,-0.0077,16.0576017938945,-0.011364217831613774,-0.008218364995305299
0.0074,-0.0077,16.06383296576027,-0.01101953895384964,-0.008417513937426343
0.0075,-0.0077,16.06968493112873,-0.010532148955078525,-0.008485330236500329
0.0076,-0.0077,16.074846773397066,-0.009908767442874783,-0.008411818972545919
0.0077,-0.0077,16.07916005166453,-0.009174394551203086,-0.008202788746627623
0.0078,-0.0077,16.082350101535166,-0.00835615520530689,-0.007869771102284064
0.0079,-0.0077,16.08431292948463,-0.007492989721681123,-0.007435464328998476
0.008,-0.0077,16.085089814291834,-0.006624372037567041,-0.0069305030986282
0.0081,-0.0077,16.08481931977122,-0.005787654032815318,-0.006388192019603426
0.0082,-0.0077,16.083706431740264,-0.00501357207405095,-0.005842346117144836
0.0083,-0.0077,16.0819893654221,-0.004321672194701347,-0.005319120549349845
0.0084,-0.0077,16.079885281917072,-0.00371923295022536,-0.0048348804259363744
0.0085,-0.0077,16.077590241183866,-0.003202434460828795,-0.004394872178567107
0.0086,-0.0077,16.075229497952776,-0.0027590250389141584,-0.003993612242345832
0.0087,-0.0077,16.072841166748162,-0.002373049277655844,-0.003619643517399441
0.0088,-0.0077,16.070451371861708,-0.0020291796790285685,-0.0032590993224817745
0.0089,-0.0077,16.06806333373235,-0.0017157490879649599,-0.002900356202250708
0.009,-0.0077,16.06566772866391,-0.001425899417848298,-0.0025371774117835953
0.0091,-0.0077,16.063261994972066,-0.001157426800104225,-0.002169411950805206
0.0092,-0.0077,16.06085419513361,-0.0009115073991052975,-0.0018021070260474082
0.0093,-0.0077,16.058441591934628,-0.0006909348503354465,-0.001444307191501226
0.0094,-0.0077,16.056073987566734,-0.0005000548598496635,-0.0011060318946983574
0.0095,-0.0077,16.053963297810693,-0.0003392899787725555,-0.0007987956089134049
0.0096,-0.0077,16.05203351879988,-0.0002098000212885232,-0.0005209690191120633
0.0097,-0.0077,16.048607770944894,-0.0001145676625389459,-0.00029440097560062394
0.0098,-0.0077,16.04795186474519,-2.8226523324505865e-05,-0.00012911228353428662
0.0099,-0.0077,16.047380727784745,3.3877676712457007e-06,-2.3880515113228543e-05
0.01,-0.0077,0.0,0.0,0.0
0.0,-0.0076,0.0,0.0,0.0
0.0001,-0.0076,16.08583332933957,-3.827692950332114e-05,0.0006113191316288331
0.0002,-0.0076,16.08336479365665,-0.0001201804960270088,0.0011446062640252455
0.0003,-0.0076,16.080343674483697,-0.00024782702804883924,0.0015990949868613974
0.0004,-0.0076,16.07762134955074,-0.0004140991953938181,0.0019855662099154936
0.0005,-0.0076,16.075122315223634,-0.000612785343541514,0.0023213841283758405
0.0006,-0.0076,16.072830089139277,-0.0008374614000564357,0.0026295001037363467
0.0007,-0.0076,16.070702773445884,-0.0010844788357548382,0.0029316630156268385
0.0008,-0.0076,16.068763342185232,-0.0013539555483531112,0.00324045575342347
0.0009,-0.0076,16.06699984618507,-0.0016467024718677017,0.0035579126366889853
0.001,-0.0076,16.06539758024666,-0.0019642431865062376,0.003878206767205574
0.0011,-0.0076,16.063953568518254,-0.0023072778381146722,0.004192886063515675
0.0012,-0.0076,16.062658710810396,-0.002676017088563673,0.0044955285466291815
0.0013,-0.0076,16.061483382907927,-0.0030709041435396725,0.004784368621764011
0.0014,-0.0076,16.0603857007292,-0.0034923631861030636,0.005062346200707241
0.0015,-0.0076,16.05931364135775,-0.0039407241084517645,0.005334794065437199
0.0016,-0.0076,16.058204160135794,-0.004415983128746559,0.005606379670704188
0.0017,-0.0076,16.05698412307136,-0.0049171953000231635,0.005878867517912221
0.0018,-0.0076,16.05557346112486,-0.005442125937114273,0.006150210661867456
0.0019,-0.0076,16.053891311492777,-0.0059871614875566205,0.006415079972963788
0.002,-0.0076,16.05186702919763,-0.0065473657069611045,0.0066660077434569035
0.0021,-0.0076,16.04942739083295,-0.007117286186513163,0.006894636624322244
0.0022,-0.0076,16.046512344554074,-0.007690066297179347,0.007092912665165196
0.0023,-0.0076,16.043101548580985,-0.008258282994479255,0.007253744106136428
0.0024,-0.0076,16.039192743080488,-0.008814500338512431,0.00737096100353626
0.0025,-0.0076,16.03480839237137,-0.009350260332052628,0.007439312707032879
0.0026,-0.0076,16.030008247331057,-0.00985669515285131,0.007454473435751059
0.0027,-0.0076,16.02488589419907,-0.010324647608745754,0.007412760272448136
0.0028,-0.0076,16.019561262831274,-0.010745609062751346,0.0073113496515620656
0.0029,-0.0076,16.014183339309103,-0.011112081018486118,0.007149488895781354
0.003,-0.0076,16.008880147713192,-0.011419569908655836,0.006929257385408378
0.0031,-0.0076,16.00390390582115,-0.011666107647122212,0.00665432601781131
0.0032,-0.0076,15.999401046669265,-0.01184543229495259,0.006329934204690676
0.0033,-0.0076,15.995292961034846,-0.011957261934838209,0.005961861460394226
0.0034,-0.0076,15.991829419609147,-0.012007478582145154,0.005557644688239463
0.0035,-0.0076,15.989110143302325,-0.012006250329948466,0.005127669511944009
0.0036,-0.0076,15.987416618434171,-0.01196868225812644,0.004683296771746212
0.0037,-0.0076,15.986517949712896,-0.011902731931510023,0.004235419442398544
0.0038,-0.0076,15.98649027837938,-0.011822582340638309,0.0037955268020101805
0.0039,-0.0076,15.987398880967522,-0.011734937323318654,0.003366232541262889
0.004,-0.0076,15.988718992477509,-0.011646674763598425,0.0029553516661798554
0.0041,-0.0076,15.990819352120939,-0.01156650482106752,0.002565935300466661
0.0042,-0.0076,15.993562708562177,-0.011492953585706282,0.002193284168529471
0.0043,-0.0076,15.996231219065805,-0.011429174542394567,0.0018409618541792995
0.0044,-0.0076,15.999007065110115,-0.011383091746885786,0.0015069268807820716
0.0045,-0.0076,16.00245714925799,-0.011350598695339388,0.0011905726650522442
0.0046,-0.0076,16.005778713704053,-0.011323444086741694,0.0008864714808085462
0.0047,-0.0076,16.00879315665072,-0.011307635926674435,0.0005916345357392804
0.0048,-0.0076,16.01185544863161,-0.011298587281618679,0.00030716389053410116
0.0049,-0.0076,16.014878058408794,-0.011285371199728366,2.937024376633928e-05
0.005,-0.0076,16.017856095133432,-0.011264463751122403,-0.0002441914435344525
0.0051,-0.0076,16.020506306728524,-0.011236282205046702,-0.0005156420962433168
0.0052,-0.0076,16.022772948688516,-0.011203973285013862,-0.0007847775715275573
0.0053,-0.0076,16.025002767875918,-0.011169363880712204,-0.001065270414048881
0.0054,-0.0076,16.02821316630707,-0.011125195601959638,-0.0013671206809852446
0.0055,-0.0076,16.03184442366184,-0.011033051142952995,-0.0016756396435514407
0.0056,-0.0076,16.030495010396276,-0.010917721980417903,-0.0019818820754350062
0.0057,-0.0076,16.029592133583222,-0.010836002999020688,-0.002268573612814705
0.0058,-0.0076,16.03040125297205,-0.010727148401958304,-0.002547121644266897
0.0059,-0.0076,16.03080476677227,-0.010621110374054648,-0.002824231188077492
0.006,-0.0076,16.032245408108775,-0.010533442296098193,-0.0030895214768237277
0.0061,-0.0076,16.03222939265091,-0.010446291848609254,-0.003361763916630311
0.0062,-0.0076,16.031158365298413,-0.01039756022647583,-0.0036665656910377094
0.0063,-0.0076,16.030412057973052,-0.010391784281189666,-0.003991670688827144
0.0064,-0.0076,16.030376018169306,-0.010421772281861029,-0.004330877421270028
0.0065,-0.0076,16.02907918486963,-0.010494344641006431,-0.004702719895049117
0.0066,-0.0076,16.030080959852107,-0.010603404048902244,-0.005099706624197572
0.0067,-0.0076,16.029417941378814,-0.010701367601721423,-0.005540822725724243
0.0068,-0.0076,16.030208481640074,-0.010843146557677106,-0.006005022224179054
0.0069,-0.0076,16.031771036332916,-0.010970141292275698,-0.006480526544986487
0.007,-0.0076,16.033493484092926,-0.011104759280958797,-0.006988811108507393
0.0071,-0.0076,16.037865361093164,-0.011235991579924932,-0.007495764243133595
0.0072,-0.0076,16.0421316503144,-0.011306025189391234,-0.007969794985959205
0.0073,-0.0076,16.04783717106819,-0.01129575963489391,-0.008389377774354449
0.0074,-0.0076,16.053709353306292,-0.011141977231088368,-0.008730388016659301
0.0075,-0.0076,16.060144969374935,-0.010844572543587177,-0.008955078892430886
0.0076,-0.0076,16.066104272857565,-0.010378913786096934,-0.00902643455914958
0.0077,-0.0076,16.071612313259198,-0.009767312671914023,-0.008937880745215055
0.0078,-0.0076,16.076158724135144,-0.009027307700589984,-0.008693653014263752
0.0079,-0.0076,16.079494740661623,-0.00819473388859731,-0.008308724499093131
0.008,-0.0076,16.081504461643785,-0.0073110223257614754,-0.007810827561554797
0.0081,-0.0076,16.08222258030728,-0.006420886782029886,-0.0072354699800385325
0.0082,-0.0076,16.08180774472759,-0.0055665585625423765,-0.006624077787081624
0.0083,-0.0076,16.080493547636358,-0.0047812747400699,-0.006015330543795173
0.0084,-0.0076,16.07855345890329,-0.004085399819724234,-0.005438514888261429
0.0085,-0.0076,16.07625014975491,-0.0034850639631011,-0.004910249591866348
0.0086,-0.0076,16.073764026380537,-0.0029742647973268217,-0.004434299296108101
0.0087,-0.0076,16.071206366411527,-0.0025383306751692357,-0.004002424093919862
0.0088,-0.0076,16.06864183737856,-0.0021597108708486922,-0.0036000563190341974
0.0089,-0.0076,16.066085535092814,-0.00182236650457306,-0.0032107679263006957
0.009,-0.0076,16.0635287349136,-0.0015155913585734565,-0.0028235709003932435
0.0091,-0.0076,16.060964890779708,-0.0012334419604760336,-0.002433327267932382
0.0092,-0.0076,16.058388445299432,-0.0009751257354292373,-0.0020420551587851613
0.0093,-0.0076,16.05582534527773,-0.0007419791180631579,-0.0016571065952779055
0.0094,-0.0076,16.053279566254684,-0.0005384438433236072,-0.001288459109394752
0.0095,-0.0076,16.05092875349416,-0.00036145695420376517,-0.0009461349891363711
0.0096,-0.0076,16.04795221805601,-0.00022439948655521711,-0.0006407077775935121
0.0097,-0.0076,16.04504579566952,-0.00010568401328783418,-0.00040127004852077346
0.0098,-0.0076,16.0439149500054,-2.3815478044501555e-05,-0.00020726131103371797
0.0099,-0.0076,16.041966635735925,-1.0425776188240227e-05,-6.851775890094193e-05
0.01,-0.0076,0.0,0.0,0.0
0.0,-0.0075,0.0,0.0,0.0
0.0001,-0.0075,16.08448028756794,-3.9420683480504824e-05,0.0006659602154801326
0.0002,-0.0075,16.08192434057019,-0.000121222081774897,0.0012503172535662517
0.0003,-0.0075,16.078770175329108,-0.0002501152588471392,0.0017502830759762197
0.0004,-0.0075,16.07595861267007,-0.0004225783731352731,0.00217258575081971
0.0005,-0.0075,16.073373727179828,-0.0006277162035952015,0.0025374901327237125
0.0006,-0.0075,16.071016808884064,-0.0008603866087593734,0.00286980636679424
0.0007,-0.0075,16.068832444807253,-0.0011172492128069264,0.003193792253015591
0.0008,-0.0075,16.06683340224961,-0.001397390260981535,0.0035256524348347075
0.0009,-0.0075,16.065039897269447,-0.001701943336020499,0.0038683101150490395
0.001,-0.0075,16.063440165500538,-0.0020329099967257066,0.004215052890969368
0.0011,-0.0075,16.06198845624337,-0.0023912782646287904,0.004556570480321146
0.0012,-0.0075,16.060667461838566,-0.0027773553333127706,0.004886192309429395
0.0013,-0.0075,16.059447880275076,-0.003191269164815032,0.0052021811911234055
0.0014,-0.0075,16.05827701504601,-0.003632917491700176,0.005507485433067144
0.0015,-0.0075,16.057090155971174,-0.0041020153993916505,0.0058071298558505435
0.0016,-0.0075,16.055810741939116,-0.004597739679212079,0.006105033619618954
0.0017,-0.0075,16.054354112665926,-0.005118235920601367,0.00640180673340564
0.0018,-0.0075,16.052631816619733,-0.005660378335196219,0.0066941098277418735
0.0019,-0.0075,16.050559471433676,-0.006219668836586156,0.006975289953953315
0.002,-0.0075,16.048064198600873,-0.006790479887298067,0.007236762922635229
0.0021,-0.0075,16.045082398687484,-0.007366304953913735,0.00746926817177459
0.0022,-0.0075,16.041570433800505,-0.007939639527612605,0.007663944138987619
0.0023,-0.0075,16.03752262636846,-0.008502152325739885,0.007813169695168563
0.0024,-0.0075,16.03296408945119,-0.009045087331374125,0.007910250310344563
0.0025,-0.0075,16.0279500262236,-0.00955919404298963,0.007949434647147747
0.0026,-0.0075,16.022575215765386,-0.010034843847135997,0.00792619032791961
0.0027,-0.0075,16.01696744434722,-0.01046299269024531,0.007837080718245702
0.0028,-0.0075,16.011290516954514,-0.01083639615277177,0.007680717659766726
0.0029,-0.0075,16.005787614382054,-0.011148929159377916,0.007458494239614406
0.003,-0.0075,16.000537482876776,-0.011395022372732579,0.007174415204314348
0.0031,-0.0075,15.995712900868062,-0.01157560558751444,0.0068348939283598845
0.0032,-0.0075,15.991613875100533,-0.01169002441823511,0.006445035846967832
0.0033,-0.0075,15.988115090819683,-0.011743256937390392,0.006016349203212354
0.0034,-0.0075,15.985564856078044,-0.011750988051712687,0.005562271110701597
0.0035,-0.0075,15.983979450599445,-0.011722091806090943,0.005094299608666552
0.0036,-0.0075,15.983332028855378,-0.011670084211434006,0.004625663328032235
0.0037,-0.0075,15.983702754496337,-0.011606338433645655,0.004163985049439676
0.0038,-0.0075,15.984818388302875,-0.01154021010818702,0.003719045658166483
0.0039,-0.0075,15.986822988933284,-0.011480873844107606,0.003294748573139143
0.004,-0.0075,15.98932662077884,-0.01143211902274938,0.0028926314516670134
0.0041,-0.0075,15.992289479910989,-0.011401269311437222,0.0025157919685778528
0.0042,-0.0075,15.99567714545089,-0.011388309632799819,0.002160716737814191
0.0043,-0.0075,15.99900987263586,-0.011395844611631067,0.0018227081167360426
0.0044,-0.0075,16.002685647723926,-0.011425934542934032,0.0015014710565337953
0.0045,-0.0075,16.006486288747755,-0.011465142902391624,0.0011987431747236127
0.0046,-0.0075,16.009859129777027,-0.011513786723938272,0.0009059250764205373
0.0047,-0.0075,16.01331500761071,-0.011572582759598797,0.0006157956888028428
0.0048,-0.0075,16.01682503871121,-0.011624733416888204,0.0003260451264239278
0.0049,-0.0075,16.019974893931092,-0.011662122769473862,3.578798755386379e-05
0.005,-0.0075,16.02275954350645,-0.011684047206062077,-0.0002516338109198208
0.0051,-0.0075,16.02551618363964,-0.011683199112060146,-0.0005369810754725001
0.0052,-0.0075,16.027715775937523,-0.011650716167791583,-0.0008237660281761228
0.0053,-0.0075,16.029270858612048,-0.011598322193116939,-0.0011173961839007253
0.0054,-0.0075,16.031615076729754,-0.01153079332038921,-0.0014240942213512738
0.0055,-0.0075,16.03453936324358,-0.011426977519689602,-0.0017491018346520917
0.0056,-0.0075,16.03548478026229,-0.011305039726836573,-0.0020915690370747423
0.0057,-0.0075,16.03644454521744,-0.011173018267268782,-0.002415886472435476
0.0058,-0.0075,16.036707526718196,-0.011001192513264762,-0.0027083292995086247
0.0059,-0.0075,16.03690843658928,-0.010844336830798716,-0.0029685960274144652
0.006,-0.0075,16.039161159685946,-0.010677454305833374,-0.0032185810607548767
0.0061,-0.0075,16.038603571569187,-0.01047994722402315,-0.003481863238531677
0.0062,-0.0075,16.037643172211943,-0.010336769384153295,-0.003758951913910638
0.0063,-0.0075,16.037445022905082,-0.010218461243631776,-0.004041140962869283
0.0064,-0.0075,16.035794467025394,-0.010117810240110655,-0.004333358870686125
0.0065,-0.0075,16.033403861869548,-0.01008180146904504,-0.004663042551710987
0.0066,-0.0075,16.03232327307325,-0.010105058658368063,-0.005023476921391179
0.0067,-0.0075,16.031039356565987,-0.010177377816988874,-0.005426196760173129
0.0068,-0.0075,16.030815039395847,-0.010296273018380878,-0.0058593909581586496
0.0069,-0.0075,16.030327566620937,-0.010419041267925281,-0.006334534819226171
0.007,-0.0075,16.03040515557157,-0.010565711887408881,-0.006842082430527426
0.0071,-0.0075,16.03232666799513,-0.010714149651560917,-0.0073633036498573275
0.0072,-0.0075,16.034835088972528,-0.01085782668670293,-0.007891014446790577
0.0073,-0.0075,16.03923509896453,-0.010972749728518924,-0.008396845772912715
0.0074,-0.0075,16.044098020803247,-0.010995104259372696,-0.008854380726868252
0.0075,-0.0075,16.050342342769632,-0.010900148119808599,-0.009230288184862732
0.0076,-0.0075,16.05668726197446,-0.010627786642088285,-0.009475962304231287
0.0077,-0.0075,16.062913409453117,-0.010183672915721975,-0.00954530400115194
0.0078,-0.0075,16.068592940645146,-0.009575486432128903,-0.009435626282989648
0.0079,-0.0075,16.0732826851751,-0.008827503835791225,-0.00914860179008886
0.008,-0.0075,16.076683449671414,-0.007978730422584355,-0.008704529289239392
0.0081,-0.0075,16.07864136298743,-0.0070750449276867555,-0.00813557583575155
0.0082,-0.0075,16.079209038119767,-0.006167214949265269,-0.0074862641739493665
0.0083,-0.0075,16.078564308301637,-0.005301249664003071,-0.006804748805384951
0.0084,-0.0075,16.076991689085247,-0.004512264021169846,-0.006134732266030976
0.0085,-0.0075,16.07479932931144,-0.0038201359699839158,-0.005507579129260699
0.0086,-0.0075,16.072245015709278,-0.0032292982399276956,-0.004939866063308998
0.0087,-0.0075,16.069529032606294,-0.0027307128865716366,-0.004432664254934963
0.0088,-0.0075,16.066775965660188,-0.0023066892166697245,-0.003973395577388909
0.0089,-0.0075,16.064028329317424,-0.0019382621865017013,-0.0035433253377552265
0.009,-0.0075,16.06128922390099,-0.00161014232574713,-0.003125790942692463
0.0091,-0.0075,16.058551832630314,-0.0013123976173730924,-0.00271026225359227
0.0092,-0.0075,16.055808030170244,-0.0010411031976736628,-0.002294197372387162
0.0093,-0.0075,16.05308235672573,-0.0007960320541906125,-0.0018820905735290564
0.0094,-0.0075,16.05036556331503,-0.0005802803158189459,-0.0014841409571578104
0.0095,-0.0075,16.047679455251462,-0.00039322941067105666,-0.0011120888933627158
0.0096,-0.0075,16.04446425686135,-0.0002442702113250149,-0.0007855661002288038
0.0097,-0.0075,16.042057069255353,-0.00012075775228562543,-0.0005041054541985804
0.0098,-0.0075,16.04088007534035,-5.0463599038467865e-05,-0.0002791437189078872
0.0099,-0.0075,16.0402360060072,-2.9838199070741927e-05,-0.00012007827535363697
0.01,-0.0075,0.0,0.0,0.0
0.0,-0.0074,0.0,0.0,0.0
0.0001,-0.0074,16.082746614554214,-3.8935789302758047e-05,0.0007195251335384947
0.0002,-0.0074,16.08008880421974,-0.0001215391205705924,0.0013570278657713212
0.0003,-0.0074,16.076834838415678,-0.0002529325989806326,0.0019046540469237606
0.0004,-0.0074,16.07393889179179,-0.0004298484009260974,0.0023663692732213085
0.0005,-0.0074,16.071272244777003,-0.0006417860365413527,0.0027617383557146094
0.0006,-0.0074,16.068853634855277,-0.0008825293534175109,0.0031194565196250267
0.0007,-0.0074,16.0666345720726,-0.0011483776936491651,0.0034674264695966775
0.0008,-0.0074,16.064607689622413,-0.0014390809116285172,0.003823403331785157
0.0009,-0.0074,16.06277231735271,-0.0017557302426376856,0.004191942316496087
0.001,-0.0074,16.0611386049154,-0.0021001425534546096,0.0045665855183350795
0.0011,-0.0074,16.05966911795177,-0.0024736379701845025,0.004936639479023418
0.0012,-0.0074,16.058317724281117,-0.002876463575420026,0.005294734010739349
0.0013,-0.0074,16.057039667752548,-0.003308253263195445,0.005639101474833128
0.0014,-0.0074,16.055770769942825,-0.003768495158285813,0.005972385908141028
0.0015,-0.0074,16.05443452917617,-0.004256211404249184,0.006299065971016908
0.0016,-0.0074,16.05294262365342,-0.004769679628536452,0.0066222706821930065
0.0017,-0.0074,16.05120083771246,-0.005306145695867174,0.006941453107013683
0.0018,-0.0074,16.049116626089617,-0.005861582935419174,0.007251930403051525
0.0019,-0.0074,16.046604459511588,-0.006430728713613006,0.007545783129990787
0.002,-0.0074,16.043595133138822,-0.007007105380277787,0.00781333547027751
0.0021,-0.0074,16.04003953819514,-0.007583202921280624,0.008044407399330263
0.0022,-0.0074,16.035915469154137,-0.00815075027523468,0.008229377851238739
0.0023,-0.0074,16.03124057560862,-0.00870056908962204,0.008359827384561005
0.0024,-0.0074,16.02607156482774,-0.009222900380272753,0.008428594731787174
0.0025,-0.0074,16.020502439882783,-0.009707901075697412,0.008429784035592707
0.0026,-0.0074,16.01467049470025,-0.010146082908720242,0.008359165377190819
0.0027,-0.0074,16.008751793938913,-0.010529128571556218,0.008215114025400375
0.0028,-0.0074,16.002939240245322,-0.010851282505562141,0.00799730498901303
0.0029,-0.0074,15.997482750595742,-0.011107123152890272,0.007709506755932335
0.003,-0.0074,15.992522919666836,-0.011293539200080832,0.007358423769161853
0.0031,-0.0074,15.988106746851159,-0.01141687478875464,0.006953862739286755
0.0032,-0.0074,15.98470840163722,-0.011486590134657972,0.006506829773516424
0.0033,-0.0074,15.982240382290522,-0.011508540489605383,0.006031188452660321
0.0034,-0.0074,15.98075611462988,-0.011498852238561647,0.005543241306439036
0.0035,-0.0074,15.980387593413507,-0.011468457327451088,0.005054327551115061
0.0036,-0.0074,15.98090761077237,-0.011428405828821007,0.004575175071445094
0.0037,-0.0074,15.982362211025515,-0.01139209821489374,0.004114700194337838
0.0038,-0.0074,15.984523295396526,-0.011368500573425526,0.003678564944337618
0.0039,-0.0074,15.987375122135408,-0.011365664938117725,0.00327157862573597
0.004,-0.0074,15.990688616991493,-0.011388546451333591,0.002891641918160632
0.0041,-0.0074,15.99432500048697,-0.011440028221778501,0.002537132297783827
0.0042,-0.0074,15.998088036807687,-0.011518591284134544,0.0022058298297387108
0.0043,-0.0074,16.00192400686243,-0.011626327135599537,0.001891883517737189
0.0044,-0.0074,16.00598323036966,-0.011755581985534697,0.0015910647522012931
0.0045,-0.0074,16.009680598725062,-0.011893210266243778,0.0012977179484964184
0.0046,-0.0074,16.012953125768846,-0.012039711253395171,0.0010054221555011265
0.0047,-0.0074,16.016226231654013,-0.01218753392125457,0.0007102483715553257
0.0048,-0.0074,16.01947499765853,-0.012321737743954647,0.0004092074798057667
0.0049,-0.0074,16.022558914414617,-0.012431904295453548,0.00010270237408740589
0.005,-0.0074,16.02500597636953,-0.012512501303662039,-0.00020925913346933817
0.0051,-0.0074,16.027378935476815,-0.012557745851059132,-0.0005300784118434616
0.0052,-0.0074,16.029714241273453,-0.012554881876918897,-0.0008621120377820906
0.0053,-0.0074,16.031548364905312,-0.012509243424413114,-0.0012006539651405815
0.0054,-0.0074,16.0335875822235,-0.012427856522887363,-0.0015305683653198362
0.0055,-0.0074,16.035395367002042,-0.01230190058570858,-0.0018560974270613265
0.0056,-0.0074,16.03598461223095,-0.012158335833529405,-0.0021995119701258576
0.0057,-0.0074,16.039051495839622,-0.012008740964910563,-0.0025640627224315232
0.0058,-0.0074,16.04235925168918,-0.01179100311067682,-0.0029075412064852135
0.0059,-0.0074,16.042035425128905,-0.011533764763467007,-0.0031901822185863597
0.006,-0.0074,16.043384688818637,-0.011276694585606463,-0.0034521189131723165
0.0061,-0.0074,16.043658204749526,-0.010984412036942929,-0.003718131339125271
0.0062,-0.0074,16.04284325306764,-0.010721774367427925,-0.0039674657412904395
0.0063,-0.0074,16.043448188536647,-0.010475490570293745,-0.004217548292366628
0.0064,-0.0074,16.04201348447531,-0.010225064419999114,-0.004479774949561789
0.0065,-0.0074,16.039699196344984,-0.01003802486954837,-0.004759667108920141
0.0066,-0.0074,16.037981106242835,-0.00991417419926019,-0.005053793910116385
0.0067,-0.0074,16.035233260709827,-0.009850835763581492,-0.005385525751277683
0.0068,-0.0074,16.033191838296407,-0.00986408948723843,-0.0057697206024627775
0.0069,-0.0074,16.031632896675323,-0.009943754891807032,-0.006203300204595847
0.007,-0.0074,16.03064164279784,-0.01007486917070232,-0.006682079062406601
0.0071,-0.0074,16.030606339694614,-0.010219658115256396,-0.007196869614438291
0.0072,-0.0074,16.03065314807585,-0.010368493949701619,-0.007740085274387322
0.0073,-0.0074,16.033039041878176,-0.010519296804661227,-0.008295639933225189
0.0074,-0.0074,16.03624114813818,-0.010631478642351144,-0.00882932739207391
0.0075,-0.0074,16.0410051588118,-0.010698673035841842,-0.009314860183298808
0.0076,-0.0074,16.047356073964576,-0.01063698777907666,-0.009723352346789706
0.0077,-0.0074,16.053688379515123,-0.010386906864577442,-0.009979226683934132
0.0078,-0.0074,16.060010284482445,-0.009953965888382713,-0.010043052804723264
0.0079,-0.0074,16.065755989201666,-0.009340526215987396,-0.009901505400095555
0.008,-0.0074,16.070523013446614,-0.008579621765566568,-0.009562288006531805
0.0081,-0.0074,16.07386848738495,-0.0077111809405483525,-0.009049115688886718
0.0082,-0.0074,16.075670992315256,-0.006788418868192666,-0.00840251393162156
0.0083,-0.0074,16.075976963750264,-0.0058668030379691585,-0.0076758102790620494
0.0084,-0.0074,16.075020575919236,-0.004995581301314828,-0.006924168046261601
0.0085,-0.0074,16.073125959270158,-0.0042103744609140945,-0.006195371866943203
0.0086,-0.0074,16.070622155933933,-0.0035303071539730647,-0.005522992964330366
0.0087,-0.0074,16.067800426140703,-0.0029566095287903798,-0.004922256374866558
0.0088,-0.0074,16.064861086989232,-0.002475619990193381,-0.004388914458464526
0.0089,-0.0074,16.06190115241339,-0.0020670829966448487,-0.0039042221594102833
0.009,-0.0074,16.058955608725366,-0.001711864199900497,-0.0034473525094883273
0.0091,-0.0074,16.056024056790356,-0.0013954365762380502,-0.003001583226231114
0.0092,-0.0074,16.05310103415195,-0.0011098524806337931,-0.0025584920520812806
0.0093,-0.0074,16.050181189368647,-0.0008529127124367072,-0.0021184643013218646
0.0094,-0.0074,16.047288174338863,-0.0006257612142262219,-0.0016896998347720486
0.0095,-0.0074,16.044385892463517,-0.0004337253391221567,-0.0012842637708127193
0.0096,-0.0074,16.041919490303943,-0.0002737861002317302,-0.0009169474178945601
0.0097,-0.0074,16.039175119477544,-0.00016434106481872822,-0.0005822382785149554
0.0098,-0.0074,16.03757666398668,-6.602185705515061e-05,-0.00029855221954446886
0.0099,-0.0074,16.037074652084588,-1.4009991155838736e-05,-0.00010291954911052293
0.01,-0.0074,0.0,0.0,0.0
0.0,-0.0073,0.0,0.0,0.0
0.0001,-0.0073,16.080639492675562,-3.805139171411836e-05,0.0007742993516400936
0.0002,-0.0073,16.077892140476802,-0.00012140766688635091,0.001466299212513953
0.0003,-0.0073,16.074548149388384,-0.00025575111566452594,0.0020629094059884255
0.0004,-0.0073,16.071563353777105,-0.00043681360543433025,0.002565443483710985
0.0005,-0.0073,16.068825957692464,-0.0006552491746520108,0.0029928397339910083
0.0006,-0.0073,16.06634974509594,-0.0009037312302072934,0.003377227550245396
0.0007,-0.0073,16.064095396233004,-0.0011785344293168023,0.0037502634693922002
0.0008,-0.0073,16.062066178470662,-0.001479253527831984,0.004132280296067068
0.0009,-0.0073,16.060202002902837,-0.001807453451054517,0.0045286652371068475
0.001,-0.0073,16.05850120209488,-0.002165111665307907,0.00493273367458444
0.0011,-0.0073,16.05698438252296,-0.0025532800087586997,0.005332677275072778
0.0012,-0.0073,16.05558909954413,-0.0029720334979548534,0.00572023503440518
0.0013,-0.0073,16.054234002185222,-0.003420401859795041,0.006093607956717841
0.0014,-0.0073,16.052837383678227,-0.0038973229627208604,0.0064549627510347455
0.0015,-0.0073,16.051314976665573,-0.004401106295383322,0.006807981766018771
0.0016,-0.0073,16.04956862366932,-0.004929230415222764,0.007154910225659384
0.0017,-0.0073,16.04749732435609,-0.005478052946757952,0.007494024563853352
0.0018,-0.0073,16.045006988652272,-0.006042698361361305,0.007819355165749466
0.0019,-0.0073,16.04201599808328,-0.006617096600090227,0.008121757836816028
0.002,-0.0073,16.038464926443787,-0.007193938511784596,0.008390401228225819
0.0021,-0.0073,16.034323823332475,-0.0077648368144468145,0.008614176069540826
0.0022,-0.0073,16.029598016148476,-0.008320614664475229,0.008782685083925351
0.0023,-0.0073,16.024335706293687,-0.008851426501403716,0.008886840861501984
0.0024,-0.0073,16.018629689093757,-0.00934709099022384,0.008919233836057226
0.0025,-0.0073,16.012625545506747,-0.009797678203369128,0.008874408835365296
0.0026,-0.0073,16.00651017004752,-0.010194041274953382,0.008749553709755028
0.0027,-0.0073,16.00045168609013,-0.010529142814238602,0.008543551800208033
0.0028,-0.0073,15.994669307666166,-0.010799320407779133,0.008259645386800756
0.0029,-0.0073,15.98949391029061,-0.01100293250095955,0.007905758236667788
0.003,-0.0073,15.985074135035592,-0.01114304973919552,0.007491598201185048
0.0031,-0.0073,15.981468390889399,-0.011231177571039844,0.007030302135764329
0.0032,-0.0073,15.978959750184327,-0.011277332605768643,0.0065395659783520094
0.0033,-0.0073,15.977618230006765,-0.011292032362184675,0.006033147159665206
0.0034,-0.0073,15.977252543062491,-0.011286850077398273,0.0055268335754885736
0.0035,-0.0073,15.97796001641415,-0.011278493562880841,0.005032391205821905
0.0036,-0.0073,15.979587403935762,-0.011277235589842746,0.004558816429980047
0.0037,-0.0073,15.981938968132601,-0.011296549722420529,0.004115211366594483
0.0038,-0.0073,15.98499001555603,-0.011346248470353395,0.0037037585427707937
0.0039,-0.0073,15.988443716471258,-0.011429315925913367,0.0033267051712379354
0.004,-0.0073,15.992126680820267,-0.01155152524560846,0.0029808894828130972
0.0041,-0.0073,15.996095168633692,-0.011711571030789151,0.0026593402816513794
0.0042,-0.0073,15.99988110530069,-0.01190302780419369,0.0023571249395786644
0.0043,-0.0073,16.00350832669849,-0.012125735180982635,0.0020679785207889404
0.0044,-0.0073,16.007126370454586,-0.01236716360264601,0.0017845254798277209
0.0045,-0.0073,16.01029178042514,-0.012616631982895688,0.0014986802644454322
0.0046,-0.0073,16.013111209603647,-0.012870481485217236,0.001205410234184385
0.0047,-0.0073,16.015810765772475,-0.013115965799252626,0.0009016913677190783
0.0048,-0.0073,16.01830308517503,-0.013342331974063988,0.000583174579181138
0.0049,-0.0073,16.020847987736687,-0.013537433014874957,0.0002464245700593787
0.005,-0.0073,16.022942749872726,-0.013688385305293243,-0.00010963162353484312
0.0051,-0.0073,16.024761797599727,-0.013794028722338267,-0.00048128845923635794
0.0052,-0.0073,16.02702512844482,-0.01384679434534743,-0.00086218283432544
0.0053,-0.0073,16.029243952476133,-0.013828368894774335,-0.0012427977519010591
0.0054,-0.0073,16.02989518220156,-0.013749367054268477,-0.0016199649497084917
0.0055,-0.0073,16.031378851149643,-0.013625852759375633,-0.0020078419882708786
0.0056,-0.0073,16.032842992197626,-0.013463797754275777,-0.0024021982426817396
0.0057,-0.0073,16.03595133040204,-0.013303423363932122,-0.002776491343233984
0.0058,-0.0073,16.042085392702006,-0.013068786605479023,-0.0031366639671642892
0.0059,-0.0073,16.04427516166667,-0.012723685515754361,-0.0034709487856763857
0.006,-0.0073,16.04494377014058,-0.0123675682301739,-0.003774406832042314
0.0061,-0.0073,16.046067536683722,-0.011992020290237906,-0.004055739525400014
0.0062,-0.0073,16.045756856122935,-0.011594160357260238,-0.004304348277232372
0.0063,-0.0073,16.04631062156989,-0.011199714853522,-0.00454398172716426
0.0064,-0.0073,16.046003272690886,-0.010806702125033948,-0.00477996962722954
0.0065,-0.0073,16.04534792668307,-0.010453903154644374,-0.0050096626057494235
0.0066,-0.0073,16.04362309365151,-0.010140213307609636,-0.005242939729896768
0.0067,-0.0073,16.040706502832965,-0.00989734905463354,-0.005510943709313114
0.0068,-0.0073,16.038670866075645,-0.009742110702684964,-0.005809692359729807
0.0069,-0.0073,16.035268437183987,-0.009666631789283831,-0.006156535058748163
0.007,-0.0073,16.032665653765907,-0.009691346229545025,-0.006572741528483066
0.0071,-0.0073,16.031250226789215,-0.009780022897165912,-0.0070488436555608495
0.0072,-0.0073,16.02966111534623,-0.009916396374606182,-0.007578544751503762
0.0073,-0.0073,16.030379965273816,-0.010080616741460161,-0.008139177962519584
0.0074,-0.0073,16.03164159404308,-0.010210885321001027,-0.008712228422557457
0.0075,-0.0073,16.033631872112444,-0.010335612714105838,-0.009264322984443636
0.0076,-0.0073,16.038389612068322,-0.0104214503048417,-0.009781175450484453
0.0077,-0.0073,16.044389933252837,-0.010368199004348877,-0.01021207461370947
0.0078,-0.0073,16.050981205642973,-0.010133439572646539,-0.01047393506074507
0.0079,-0.0073,16.05728500771648,-0.009693577227106613,-0.0105184809508425
0.008,-0.0073,16.06310807144062,-0.009067726420678754,-0.010332712757307436
0.0081,-0.0073,16.067816965996766,-0.008285842202672818,-0.00992843990063337
0.0082,-0.0073,16.07100141931639,-0.007395214936004455,-0.009335582370864303
0.0083,-0.0073,16.072509416150105,-0.0064545169875665585,-0.008604502383466727
0.0084,-0.0073,16.072442520980825,-0.005523653420313848,-0.007797656941517902
0.0085,-0.0073,16.07108592210924,-0.004653616732475826,-0.006976957004460465
0.0086,-0.0073,16.06881024705277,-0.003880821596385669,-0.006193919076198543
0.0087,-0.0073,16.065982003730714,-0.0032217508022036392,-0.00548396459673758
0.0088,-0.0073,16.062890827468788,-0.0026720051794032764,-0.004857866050007143
0.0089,-0.0073,16.059713190479275,-0.002213128103384121,-0.004302090898156289
0.009,-0.0073,16.056539401472957,-0.0018234085733579873,-0.003793636837616836
0.0091,-0.0073,16.053392556171556,-0.0014838965263521237,-0.0033101851369926345
0.0092,-0.0073,16.05026775185179,-0.0011819433261505354,-0.002836248749981663
0.0093,-0.0073,16.04715320624121,-0.0009120476431409303,-0.002366629156222127
0.0094,-0.0073,16.044086055028856,-0.0006739867596311649,-0.0019054196648205092
0.0095,-0.0073,16.041091939738802,-0.00047155719837076756,-0.001463985423180422
0.0096,-0.0073,16.038534443409258,-0.00030364291670480296,-0.0010518395211747333
0.0097,-0.0073,16.034955240033813,-0.00018412398940099756,-0.0006888836828500377
0.0098,-0.0073,16.031358199855905,-9.156811028050523e-05,-0.000379362230394818
0.0099,-0.0073,16.029796015167793,-2.2157131875053214e-05,-0.0001264860484059479
0.01,-0.0073,0.0,0.0,0.0
0.0,-0.0072,0.0,0.0,0.0
0.0001,-0.0072,16.078150771045173,-3.795140895342842e-05,0.0008274924313795071
0.0002,-0.0072,16.075332698721095,-0.00012144248524563144,0.0015761027813333064
0.0003,-0.0072,16.071889172997878,-0.0002578254640756904,0.0022247180332282636
0.0004,-0.0072,16.068821900105327,-0.0004434872316530672,0.002769764750277697
0.0005,-0.0072,16.066016973754788,-0.0006678825663478878,0.0032310437842733527
0.0006,-0.0072,16.063486023630627,-0.0009238212883625134,0.0036434851215796354
0.0007,-0.0072,16.061171333222976,-0.0012073762839714447,0.004042801938716551
0.0008,-0.0072,16.059092874917585,-0.0015178505034847748,0.004452488615265017
0.0009,-0.0072,16.05722177962832,-0.0018573111851740622,0.004878081185153782
0.001,-0.0072,16.055501165851645,-0.0022277569404594733,0.005312350743066803
0.0011,-0.0072,16.053929248457546,-0.002629381844272154,0.0057433546776930345
0.0012,-0.0072,16.05247155335952,-0.003062509362383536,0.0061615416441998805
0.0013,-0.0072,16.05101329236039,-0.0035259413475615476,0.006564146459106223
0.0014,-0.0072,16.049452560936047,-0.004017418591663595,0.006952966727202983
0.0015,-0.0072,16.04770586223144,-0.004534502566692557,0.007331026864326904
0.0016,-0.0072,16.045665903756746,-0.0050740304531355,0.007699544709016927
0.0017,-0.0072,16.043226275130458,-0.005631476283114693,0.008055643225551586
0.0018,-0.0072,16.04029577338439,-0.006201189685611707,0.008392083584780597
0.0019,-0.0072,16.036800742915432,-0.006776311896953285,0.008698461794669082
0.002,-0.0072,16.03269786565281,-0.007348709062187431,0.008962814088620756
0.0021,-0.0072,16.027982138837455,-0.007909255609400177,0.009173088321612245
0.0022,-0.0072,16.02269136415765,-0.008448061411375045,0.00931820115075876
0.0023,-0.0072,16.016911404928905,-0.008954825319847145,0.00938872527410221
0.0024,-0.0072,16.010776994879333,-0.009419495888592748,0.009377432549389882
0.0025,-0.0072,16.004491399245595,-0.009832513049139761,0.009279789107461441
0.0026,-0.0072,15.998222567394478,-0.010185618801083415,0.009094022012201958
0.0027,-0.0072,15.992210538120153,-0.010474075213461047,0.008822801698150173
0.0028,-0.0072,15.986710380245448,-0.010698759781684402,0.008474265106996955
0.0029,-0.0072,15.982085056409902,-0.010864656971564064,0.008059476563413237
0.003,-0.0072,15.97843640116583,-0.010977440578080314,0.007591260725246915
0.0031,-0.0072,15.975803982775334,-0.011049285991117146,0.007086914360208311
0.0032,-0.0072,15.974314453160305,-0.011092169141035864,0.006566391702542141
0.0033,-0.0072,15.973979379293226,-0.011118130258043386,0.006045042460183846
0.0034,-0.0072,15.974695470021235,-0.011142371440039597,0.005536153565606824
0.0035,-0.0072,15.9763043631527,-0.011180482493572896,0.005053054200803778
0.0036,-0.0072,15.978832877204809,-0.011245946367974019,0.004603196912270296
0.0037,-0.0072,15.981881127889679,-0.011347932654109643,0.004192679188089011
0.0038,-0.0072,15.985450161598262,-0.011494951031041761,0.003821843771403128
0.0039,-0.0072,15.98917590325083,-0.011686268278766157,0.003486204359893721
0.004,-0.0072,15.992723944464407,-0.011923825169035512,0.003180642807782857
0.0041,-0.0072,15.996297968677611,-0.012203773955543791,0.0028972168300063954
0.0042,-0.0072,15.999519591176098,-0.01251734881520049,0.002626903263399527
0.0043,-0.0072,16.00241011743751,-0.012860344381065416,0.0023618291952980388
0.0044,-0.0072,16.005101264654286,-0.013219522355298408,0.002092964944415434
0.0045,-0.0072,16.00735931411524,-0.013583136024629305,0.001809882349898071
0.0046,-0.0072,16.00924322236412,-0.013941568491712727,0.0015077886074541884
0.0047,-0.0072,16.010934874689468,-0.014281598439631168,0.0011847516701080244
0.0048,-0.0072,16.01233735545355,-0.01459385568228701,0.0008371874548493983
0.0049,-0.0072,16.01377856630835,-0.014869695632394538,0.00046153884146221723
0.005,-0.0072,16.015366995312952,-0.015095083878706863,5.695979959398855e-05
0.0051,-0.0072,16.016824285933758,-0.015265103914281097,-0.00036760082074915055
0.0052,-0.0072,16.018558410067957,-0.015372288825847465,-0.0008052068677979813
0.0053,-0.0072,16.020728694301887,-0.015393618540615713,-0.001253144322961382
0.0054,-0.0072,16.02128025118651,-0.015336843100524971,-0.001710228287139458
0.0055,-0.0072,16.022451722404572,-0.015232754574804018,-0.0021627244745928385
0.0056,-0.0072,16.024401898900066,-0.015075139424719913,-0.0025878023097698367
0.0057,-0.0072,16.026525110477614,-0.014890783403342888,-0.002985055151901987
0.0058,-0.0072,16.034378290217834,-0.014634258753169777,-0.0034138422291269356
0.0059,-0.0072,16.03931733016049,-0.014256072437899659,-0.0038392000584009734
0.006,-0.0072,16.0409663508215,-0.013853522464840146,-0.004187813415712997
0.0061,-0.0072,16.043216810009564,-0.01340338183825282,-0.004490837488280833
0.0062,-0.0072,16.044107526628963,-0.012901600583569643,-0.00477125282786885
0.0063,-0.0072,16.046175431157405,-0.012381865983240146,-0.005022559473766361
0.0064,-0.0072,16.046858143099268,-0.011838463959700132,-0.005238214972992638
0.0065,-0.0072,16.04748942736642,-0.011313812134719325,-0.005433415049491385
0.0066,-0.0072,16.046593547286584,-0.01081364586363346,-0.005626294368152424
0.0067,-0.0072,16.045486619936455,-0.010381806749205847,-0.005821217517479058
0.0068,-0.0072,16.043624054236318,-0.01001479096439539,-0.006028770843539444
0.0069,-0.0072,16.040083068741698,-0.00973963341767226,-0.0062889471191853365
0.007,-0.0072,16.0372064253572,-0.009580614230656547,-0.006604317497646034
0.0071,-0.0072,16.034073612010932,-0.00952025223560637,-0.006986026124646837
0.0072,-0.0072,16.03101621311147,-0.009567911745815862,-0.007449013409703574
0.0073,-0.0072,16.029773163738295,-0.009691047663483512,-0.007975977029798957
0.0074,-0.0072,16.029689922508837,-0.009823943458278646,-0.008555573538552961
0.0075,-0.0072,16.029690206637206,-0.009949210892320601,-0.009147637344239587
0.0076,-0.0072,16.031596684091067,-0.010074818627481512,-0.00972254162641275
0.0077,-0.0072,16.035680555839004,-0.010150595393169485,-0.010265016260706767
0.0078,-0.0072,16.041817286646122,-0.010104135170508205,-0.010707167226968519
0.0079,-0.0072,16.04848150557087,-0.009863682825174466,-0.010960065797010013
0.008,-0.0072,16.05480480151652,-0.009407413233391792,-0.010968850355321554
0.0081,-0.0072,16.060584101265196,-0.008757551781272408,-0.010722936263304415
0.0082,-0.0072,16.065130838337986,-0.007948572867779351,-0.010239027400325292
0.0083,-0.0072,16.068000712134136,-0.007033331984966646,-0.009555305968027117
0.0084,-0.0072,16.069090008523954,-0.006076307466584104,-0.008732752330808627
0.0085,-0.0072,16.068538787777833,-0.005141203917615197,-0.00784388422851055
0.0086,-0.0072,16.06669799324734,-0.004280657792262701,-0.006957381831888761
0.0087,-0.0072,16.064004993735594,-0.0035301376909034326,-0.0061290195697668035
0.0088,-0.0072,16.060838106248887,-0.0029010632384003573,-0.005392115672113503
0.0089,-0.0072,16.05746535754014,-0.0023808363036898024,-0.004746673805228502
0.009,-0.0072,16.054049086317292,-0.001947590114649747,-0.004171382731048261
0.0091,-0.0072,16.05066467302359,-0.0015790275712851067,-0.0036398248173039735
0.0092,-0.0072,16.047314444608368,-0.0012574471403939997,-0.0031292803514451823
0.0093,-0.0072,16.044005092710798,-0.0009727603079998852,-0.002627213559154121
0.0094,-0.0072,16.040734841080123,-0.0007226909010239894,-0.002132430946780424
0.0095,-0.0072,16.03761675970572,-0.0005070659487733734,-0.001654202096388603
0.0096,-0.0072,16.034578191850198,-0.0003339381805327395,-0.0012066157686233497
0.0097,-0.0072,16.031924459890636,-0.00019115669041620183,-0.0008182221103299418
0.0098,-0.0072,16.028080850214423,-0.00010557659765282321,-0.0004843583895233611
0.0099,-0.0072,16.024110253679094,-2.7206932742116224e-05,-0.00018875443659962992
0.01,-0.0072,0.0,0.0,0.0
0.0,-0.0071,0.0,0.0,0.0
0.0001,-0.0071,16.07525312956074,-3.790444744035611e-05,0.0008810475904527408
0.0002,-0.0071,16.072366407296947,-0.00012181203062688561,0.0016871135960343504
0.0003,-0.0071,16.068837798253366,-0.00026008155229512365,0.002389383565104696
0.0004,-0.0071,16.065703692712955,-0.0004496592204098561,0.002979229772725204
0.0005,-0.0071,16.062835108058692,-0.0006796890815988929,0.0034759669832207596
0.0006,-0.0071,16.060253215742392,-0.0009428234013858121,0.003917626738525717
0.0007,-0.0071,16.057891503377316,-0.0012346250793004335,0.0043440088601814425
0.0008,-0.0071,16.05573012896736,-0.0015546901103676593,0.0047818560257627905
0.0009,-0.0071,16.053806222482123,-0.0019050120078274654,0.005238130104324592
0.001,-0.0071,16.05208998056792,-0.0022872561602174553,0.005704378615786907
0.0011,-0.0071,16.050486878943836,-0.0027009422725984976,0.006167398379708494
0.0012,-0.0071,16.04894261601556,-0.003146679067077762,0.006616751826166219
0.0013,-0.0071,16.047348669923597,-0.003623335287291412,0.00704842837397901
0.0014,-0.0071,16.04559637177027,-0.0041269280893961955,0.007463741801462678
0.0015,-0.0071,16.043590739097766,-0.004654391853808755,0.00786508947075596
0.0016,-0.0071,16.041222240066386,-0.005202010267839927,0.008252642193401685
0.0017,-0.0071,16.038383930077448,-0.005764371135591295,0.008622387753669204
0.0018,-0.0071,16.034990782715628,-0.0063351254312729215,0.008965819201008418
0.0019,-0.0071,16.030982268968504,-0.0069066927304608314,0.00927128916247263
0.002,-0.0071,16.02633715644072,-0.007470161430243573,0.009525763930980877
0.0021,-0.0071,16.02108007095912,-0.008015889937336047,0.009716314332251872
0.0022,-0.0071,16.015285032859744,-0.008533592871149496,0.009831337893690652
0.0023,-0.0071,16.009081906839448,-0.009012993811865651,0.009861429180369261
0.0024,-0.0071,16.002660342171236,-0.009444351328251594,0.009800088518195957
0.0025,-0.0071,15.996249486893248,-0.00981848474580279,0.009644938724302672
0.0026,-0.0071,15.989986889080853,-0.010130420008876751,0.009395135490238272
0.0027,-0.0071,15.984222443122684,-0.010381109488326257,0.009060026870236128
0.0028,-0.0071,15.97928991263786,-0.010574558888721396,0.0086529019200484
0.0029,-0.0071,15.975367464938687,-0.01071724440091532,0.008185882618080127
0.003,-0.0071,15.972566792262475,-0.01081841477791323,0.007676292087508592
0.0031,-0.0071,15.970945390194688,-0.01089126967162418,0.007143738981821738
0.0032,-0.0071,15.97044464989867,-0.010949459810374668,0.006609028637988334
0.0033,-0.0071,15.971024624023352,-0.011009764727324185,0.006088290453821133
0.0034,-0.0071,15.972678203460793,-0.011087246786369095,0.005594971909217547
0.0035,-0.0071,15.97504199027133,-0.01119610193931986,0.0051412070204007315
0.0036,-0.0071,15.978110159693408,-0.011349747869490808,0.004732591506780412
0.0037,-0.0071,15.98149026505907,-0.011553151215681266,0.004368888810994153
0.0038,-0.0071,15.984953049590215,-0.011810340429453834,0.004047992159297231
0.0039,-0.0071,15.988386507117964,-0.01212041906928224,0.0037622961212156816
0.004,-0.0071,15.991392654268957,-0.012479216598288732,0.0035017838484107154
0.0041,-0.0071,15.994074289436501,-0.012881320992398186,0.003257484471869404
0.0042,-0.0071,15.996254140397488,-0.013315871829280478,0.003016567965466095
0.0043,-0.0071,15.997966843116938,-0.013772182091372548,0.0027697708584677834
0.0044,-0.0071,15.999141567793334,-0.014237835477057328,0.0025083763232284905
0.0045,-0.0071,16.000018719396948,-0.014702106085350674,0.0022213995674625706
0.0046,-0.0071,16.000665141946847,-0.015149832629821398,0.001903364902851974
0.0047,-0.0071,16.000946469177116,-0.01556874580928641,0.0015525704519967016
0.0048,-0.0071,16.001025307260488,-0.015952749672001616,0.0011670346393725184
0.0049,-0.0071,16.001266843617277,-0.016294516670814236,0.000745095464197052
0.005,-0.0071,16.002061570138068,-0.01658013511388579,0.0002887928288580002
0.0051,-0.0071,16.00290651924937,-0.0168019345746563,-0.0001951148326327873
0.0052,-0.0071,16.00397717629316,-0.01695512708174767,-0.000703731414270041
0.0053,-0.0071,16.005618515767505,-0.017027125419682213,-0.0012310165486585922
0.0054,-0.0071,16.0070708773284,-0.017019663560863485,-0.0017643956606243174
0.0055,-0.0071,16.008742135303102,-0.016943010246001384,-0.002281935014449723
0.0056,-0.0071,16.010989967316004,-0.01678901074779207,-0.0027790933320097195
0.0057,-0.0071,16.012763507046742,-0.01659004819871206,-0.0032635382762483648
0.0058,-0.0071,16.019986890822672,-0.016336783094891102,-0.0037318902446859628
0.0059,-0.0071,16.026151439133166,-0.015966823943968124,-0.004185582128460177
0.006,-0.0071,16.029272541007447,-0.015536609210945357,-0.004610365332861008
0.0061,-0.0071,16.033185082878635,-0.015040887190703029,-0.0050033803713031505
0.0062,-0.0071,16.035833107237263,-0.014485180901589925,-0.005338902622315326
0.0063,-0.0071,16.040454563057313,-0.013894353915621254,-0.005611932745756271
0.0064,-0.0071,16.04308690649201,-0.013234661731993348,-0.005840778766681596
0.0065,-0.0071,16.04487156670384,-0.01256767470770306,-0.0060315171215475985
0.0066,-0.0071,16.04647432590484,-0.011909013703313754,-0.006192679231007451
0.0067,-0.0071,16.04704593978441,-0.011276472217839638,-0.006326435456681467
0.0068,-0.0071,16.045878891709496,-0.010698971572713946,-0.006466060776772614
0.0069,-0.0071,16.044103018879056,-0.010219141567447885,-0.006627432595091479
0.007,-0.0071,16.042036194228842,-0.009839095137577305,-0.006824214614941931
0.0071,-0.0071,16.038364123753436,-0.009566793649571723,-0.007089733761229267
0.0072,-0.0071,16.034292028035974,-0.009428203090344619,-0.0074435211046948255
0.0073,-0.0071,16.03104967832579,-0.009412964976444943,-0.007887208619591145
0.0074,-0.0071,16.02928237151016,-0.009486079861502173,-0.008416430292701598
0.0075,-0.0071,16.028121156426092,-0.009599072742873173,-0.009004952454959433
0.0076,-0.0071,16.028211304788137,-0.009723754717662236,-0.009609513573130668
0.0077,-0.0071,16.02967952025015,-0.009833063980407293,-0.010207001536701498
0.0078,-0.0071,16.033450132520333,-0.009896518351015775,-0.010765933712524281
0.0079,-0.0071,16.039566727327433,-0.009841156121812598,-0.011207785270273619
0.008,-0.0071,16.046210132938956,-0.009580807449168588,-0.011434508458579445
0.0081,-0.0071,16.05247454857352,-0.009094408804818724,-0.011388843660332432
0.0082,-0.0071,16.058129554843326,-0.008411055648931253,-0.011064920949978897
0.0083,-0.0071,16.062363784977634,-0.0075684544951094114,-0.010485478376863429
0.0084,-0.0071,16.06478382181395,-0.0066265726783513845,-0.009699053101771223
0.0085,-0.0071,16.06532004968079,-0.005657075207949846,-0.00877982137129462
0.0086,-0.0071,16.064187663399473,-0.004725211220687303,-0.00781028612793226
0.0087,-0.0071,16.061799084618897,-0.003883791565408109,-0.006864647852050968
0.0088,-0.0071,16.058655048231287,-0.003167062308972808,-0.006002904748668965
0.0089,-0.0071,16.0551430801598,-0.002575059200531204,-0.005248982749266101
0.009,-0.0071,16.051488167225738,-0.0020879499924848035,-0.004589006392329183
0.0091,-0.0071,16.047847701186136,-0.0016827394304785015,-0.003995805322971412
0.0092,-0.0071,16.044250168363117,-0.0013367751871166452,-0.0034403847476827277
0.0093,-0.0071,16.040716250960852,-0.001034698453876043,-0.002901872487675564
0.0094,-0.0071,16.037200881041848,-0.0007701399324086267,-0.002372391081684174
0.0095,-0.0071,16.033814961184827,-0.0005403567827229059,-0.001856428864443373
0.0096,-0.0071,16.030364871123954,-0.0003541587660761433,-0.0013686590422528108
0.0097,-0.0071,16.028236327359735,-0.0001968384591753327,-0.0009235470255021376
0.0098,-0.0071,16.024326392504594,-9.58003696078734e-05,-0.0005351695663126239
0.0099,-0.0071,16.019416816376427,-2.8979007216293875e-05,-0.00024932483649386657
0.01,-0.0071,0.0,0.0,0.0
0.0,-0.007,0.0,0.0,0.0
0.0001,-0.007,16.07195705500975,-3.7821068703556817e-05,0.0009346217891433905
0.0002,-0.007,16.06900272830075,-0.00012232126624921674,0.0017991810933505352
0.0003,-0.007,16.065399727782548,-0.0002624106517585728,0.002556791713584857
0.0004,-0.007,16.06219982291834,-0.00045536683578020613,0.0031933376744275517
0.0005,-0.007,16.05927247459346,-0.0006906617033531557,0.003727154600237046
0.0006,-0.007,16.056637209804318,-0.0009605764903043569,0.0041993762332447485
0.0007,-0.007,16.054238005834577,-0.00126032779450699,0.004653958025529499
0.0008,-0.007,16.052058464046,-0.0015895818079256806,0.005120518458058693
0.0009,-0.007,16.050068090265775,-0.001949782709050903,0.0056078007562789245
0.001,-0.007,16.04827734064315,-0.0023423837763892055,0.006107216564179455
0.0011,-0.007,16.046627172733288,-0.0027669044964594314,0.006603188970604526
0.0012,-0.007,16.04498217099122,-0.0032236570617349795,0.007083680457641437
0.0013,-0.007,16.043226878460413,-0.003711143575425847,0.00754393427467759
0.0014,-0.007,16.041253820323924,-0.004224189369086969,0.007984504717976088
0.0015,-0.007,16.038958438638623,-0.004759096187109415,0.008407061753151732
0.0016,-0.007,16.036233579541744,-0.005311491773417853,0.00881076356188884
0.0017,-0.007,16.032976440271778,-0.0058752532134881625,0.009190482966348267
0.0018,-0.007,16.02911108861675,-0.006443337859285497,0.00953655754900221
0.0019,-0.007,16.024595901562034,-0.007007475704132818,0.009836098351158428
0.002,-0.007,16.019437399664806,-0.007558282051518072,0.010075086263244215
0.0021,-0.007,16.01369487519029,-0.00808573851819268,0.010239980495206783
0.0022,-0.007,16.007482183750742,-0.008579567457312821,0.01031903729585944
0.0023,-0.007,16.00097527385163,-0.00902971998042363,0.01030338242565504
0.0024,-0.007,15.994413951247276,-0.009426864064786515,0.010187777259250982
0.0025,-0.007,15.987971376342989,-0.009764834762579503,0.009971149607320814
0.0026,-0.007,15.981928553809285,-0.010044389121726173,0.009659458060964389
0.0027,-0.007,15.976687433888227,-0.01026971619155913,0.009267674507339395
0.0028,-0.007,15.97245146332436,-0.01044482886994026,0.0088101352464497
0.0029,-0.007,15.969306353350083,-0.010577679733894485,0.008302094154828391
0.003,-0.007,15.967361354101373,-0.010682442779503604,0.0077640792892282
0.0031,-0.007,15.966665244377483,-0.01077389565945738,0.007218831729766631
0.0032,-0.007,15.967057601334515,-0.010867954219358014,0.006687246605056093
0.0033,-0.007,15.968443036752252,-0.010983456701417604,0.006185282989427903
0.0034,-0.007,15.970782876630816,-0.011133890441473546,0.0057259818329934995
0.0035,-0.007,15.973602279321392,-0.011330441726514828,0.005317334802443605
0.0036,-0.007,15.976698709285303,-0.011583840388142724,0.004961823754203222
0.0037,-0.007,15.979858304631167,-0.011897303153772786,0.004655461377995841
0.0038,-0.007,15.982781945118314,-0.01227013320459016,0.004390830569610196
0.0039,-0.007,15.98536871515938,-0.012699257526947429,0.004157849050610173
0.004,-0.007,15.987410157940413,-0.013174721959910794,0.003941715961560752
0.0041,-0.007,15.988745127111338,-0.013687402727195954,0.0037319503994326514
0.0042,-0.007,15.989437116313127,-0.014227010563154285,0.003515142231150214
0.0043,-0.007,15.989596830477069,-0.014777792092728368,0.003279040363801773
0.0044,-0.007,15.988992625458085,-0.015327432452411607,0.0030147668299184693
0.0045,-0.007,15.988161743515661,-0.0158666829074202,0.0027138358261154347
0.0046,-0.007,15.98725860034315,-0.01637835867738236,0.0023707156991912594
0.0047,-0.007,15.98615054310008,-0.016850292841485842,0.001982844135805803
0.0048,-0.007,15.984751798479913,-0.017278274020509674,0.0015511083413370325
0.0049,-0.007,15.983604453627748,-0.017659363601037984,0.0010769213021039191
0.005,-0.007,15.983319924604187,-0.017980286886847843,0.0005633946928058699
0.0051,-0.007,15.983216135949448,-0.01823532279790181,1.5492580849953293e-05
0.0052,-0.007,15.983780979921727,-0.018424234429448745,-0.0005620520098445162
0.0053,-0.007,15.985095779248377,-0.01853535899509657,-0.0011586049581322779
0.0054,-0.007,15.986416802110861,-0.01857027422708368,-0.0017639874332334364
0.0055,-0.007,15.988442936847946,-0.01853307121397459,-0.002373859911714602
0.0056,-0.007,15.991157948878108,-0.018415248787499717,-0.002972040261445946
0.0057,-0.007,15.993398293574314,-0.018248820705224985,-0.0035341336550070513
0.0058,-0.007,16.000014599713086,-0.018019374710081814,-0.004043775702767181
0.0059,-0.007,16.00766036108357,-0.017654453714921747,-0.004553231005740882
0.006,-0.007,16.0121413578536,-0.01722327472630807,-0.005069410567732695
0.0061,-0.007,16.018437819331947,-0.016740423124393135,-0.00553591635315726
0.0062,-0.007,16.022599657642157,-0.01616337605614342,-0.005925592494954923
0.0063,-0.007,16.027304304106945,-0.015536173587417962,-0.006258605453012852
0.0064,-0.007,16.03281932419479,-0.014834890307049854,-0.006543047541546088
0.0065,-0.007,16.03736554826361,-0.01408441840386706,-0.006756455895629492
0.0066,-0.007,16.041400041394233,-0.013304369939387727,-0.0069093281272276305
0.0067,-0.007,16.043783633740706,-0.012517384616102339,-0.0070212449713952935
0.0068,-0.007,16.04534141446179,-0.01176396997859806,-0.00710652603557416
0.0069,-0.007,16.04537755802578,-0.011068375952933477,-0.007176443046105202
0.007,-0.007,16.044370712404945,-0.01045957404250785,-0.007268045740227123
0.0071,-0.007,16.041814107781825,-0.00996218351568828,-0.007412696177345965
0.0072,-0.007,16.038333102686718,-0.009600614853339354,-0.0076337276206019725
0.0073,-0.007,16.03438138602484,-0.009382721211960949,-0.0079482406419995
0.0074,-0.007,16.030814290112733,-0.009303875814857629,-0.00836942216379207
0.0075,-0.007,16.02799450645758,-0.009332283410363905,-0.008892473227149497
0.0076,-0.007,16.026648538752795,-0.009422864266272526,-0.009483146449395914
0.0077,-0.007,16.026589083140728,-0.009527135009547905,-0.010101245956163525
0.0078,-0.007,16.027701043742905,-0.00961597390549846,-0.010714509612563393
0.0079,-0.007,16.031361940540453,-0.009659503787566864,-0.011284828775735656
0.008,-0.007,16.03751277802242,-0.009579214830032884,-0.011715260125421772
0.0081,-0.007,16.044060080980206,-0.009281485522888122,-0.01189348747319777
0.0082,-0.007,16.050251076365814,-0.008752759762532241,-0.011770941060340056
0.0083,-0.007,16.055621359763258,-0.008026152165341931,-0.011349099469414183
0.0084,-0.007,16.05937017541315,-0.007144277310716196,-0.010657058106939179
0.0085,-0.007,16.06121094159464,-0.006178091234594295,-0.009757289458800037
0.0086,-0.007,16.061161063971234,-0.005202308226712262,-0.00873788972525964
0.0087,-0.007,16.059317547348762,-0.004281470849706342,-0.00769000577721838
0.0088,-0.007,16.056276414342197,-0.003473250933698977,-0.006699217746085117
0.0089,-0.007,16.05270947347128,-0.002800310853360145,-0.005820199313040272
0.009,-0.007,16.048852107094362,-0.002248827813321397,-0.005056453158753938
0.0091,-0.007,16.044945436245065,-0.0017978092647871922,-0.004384955202295685
0.0092,-0.007,16.041079171996365,-0.0014214660462858733,-0.0037735203486970363
0.0093,-0.007,16.037281651571902,-0.001098966132349772,-0.003192803354076
0.0094,-0.007,16.033514544344516,-0.0008187342978250847,-0.00262670003336768
0.0095,-0.007,16.02985358109135,-0.0005763990340731106,-0.0020732793299047016
0.0096,-0.007,16.026171951817254,-0.000375688145949412,-0.0015447160736578197
0.0097,-0.007,16.02297738000884,-0.00021578855671295028,-0.0010528495026613687
0.0098,-0.007,16.018423295207707,-0.00012121945320992734,-0.0006375738957323134
0.0099,-0.007,16.016822502010804,-6.329169070317674e-05,-0.00032157983240656263
0.01,-0.007,0.0,0.0,0.0
0.0,-0.0069,0.0,0.0,0.0
0.0001,-0.0069,16.06825225894893,-3.79176222943764e-05,0.0009883058843667442
0.0002,-0.0069,16.06524059651869,-0.00012298051836465122,0.0019122619769483921
0.0003,-0.0069,16.06156868179995,-0.00026464794662525926,0.0027266703031448465
0.0004,-0.0069,16.058306346901777,-0.00046065665490917614,0.0034115613662880936
0.0005,-0.0069,16.05532534242047,-0.0007007380557339403,0.003984137915489398
0.0006,-0.0069,16.05263839711081,-0.0009769447452108557,0.004488323175032004
0.0007,-0.0069,16.05019646131022,-0.0012842696397144364,0.004972424700160683
0.0008,-0.0069,16.048012061130287,-0.0016219094031537373,0.0054693532178287894
0.0009,-0.0069,16.04602918776601,-0.0019907363750830747,0.005988442618947355
0.001,-0.0069,16.044146664677758,-0.002392367007758863,0.006520617138052597
0.0011,-0.0069,16.042349930897846,-0.0028264494438897296,0.007049260729465144
0.0012,-0.0069,16.04057523768475,-0.0032923703123203044,0.007560609233222609
0.0013,-0.0069,16.038641184009734,-0.003788013355921349,0.008048461244114189
0.0014,-0.0069,16.03641717540649,-0.004307835737436389,0.008512523955371783
0.0015,-0.0069,16.033805928143202,-0.004847345424297539,0.00895384861897367
0.0016,-0.0069,16.030705901815956,-0.0054013366132447055,0.009370580664591004
0.0017,-0.0069,16.027020957060266,-0.005963232804011941,0.00975646316725333
0.0018,-0.0069,16.022687167740518,-0.006525368369059008,0.010100693239305463
0.0019,-0.0069,16.017688202649506,-0.007078830959190451,0.010389412104666174
0.002,-0.0069,16.01206401323291,-0.007614049241402865,0.010607733095213272
0.0021,-0.0069,16.00591053522393,-0.008120900323304564,0.010741662144007173
0.0022,-0.0069,15.999379866739755,-0.00858911826646209,0.010779612679016917
0.0023,-0.0069,15.992681174777783,-0.009009663878351962,0.010713809497303127
0.0024,-0.0069,15.9860618464755,-0.009376442783921801,0.010541033965810118
0.0025,-0.0069,15.979800837959734,-0.009686915964696502,0.010265443408386789
0.0026,-0.0069,15.974253247508415,-0.009944192362434436,0.009900200715125807
0.0027,-0.0069,15.969649768406875,-0.010153333744518095,0.009460237440054753
0.0028,-0.0069,15.966085865833405,-0.010320575701667686,0.008960659803331623
0.0029,-0.0069,15.963699948106198,-0.010458506522551618,0.008422852661426344
0.003,-0.0069,15.962600060922936,-0.010583439709432629,0.007871561810000741
0.0031,-0.0069,15.962740179836125,-0.010711428244062534,0.007330533858208395
0.0032,-0.0069,15.96387362574634,-0.01085957712135348,0.0068199050076157355
0.0033,-0.0069,15.96584576542241,-0.011045204192482179,0.00635384849466333
0.0034,-0.0069,15.968424595317463,-0.01127971818492577,0.005943490244060351
0.0035,-0.0069,15.971215049586975,-0.011572890806363745,0.0055923723529798085
0.0036,-0.0069,15.9739709570711,-0.011931299620220938,0.005298510466547785
0.0037,-0.0069,15.976464956482841,-0.012354385070145552,0.0050540870577016565
0.0038,-0.0069,15.978412519737857,-0.012837200992386326,0.004847108845003709
0.0039,-0.0069,15.979659224867028,-0.013372371512910094,0.004663617386861693
0.004,-0.0069,15.980218558595393,-0.013947662960290213,0.004487105158729887
0.0041,-0.0069,15.979882738126603,-0.014550475416894842,0.004303899146065514
0.0042,-0.0069,15.978823574224172,-0.015169288283050015,0.004100066203595312
0.0043,-0.0069,15.977294651982026,-0.015785910809444748,0.003863184450641901
0.0044,-0.0069,15.974894683072073,-0.016386567383023583,0.0035845580897464753
0.0045,-0.0069,15.972076058989591,-0.016965560822104084,0.003257859012858577
0.0046,-0.0069,15.969392049540312,-0.017507825758355217,0.002877765391884391
0.0047,-0.0069,15.966799322423773,-0.01800068192529986,0.0024442051088523773
0.0048,-0.0069,15.964096420094338,-0.018442469347751317,0.001960002630228632
0.0049,-0.0069,15.961946577170846,-0.018831394887087065,0.0014295388301825336
0.005,-0.0069,15.960607831014583,-0.019156487864167165,0.0008569612033383671
0.0051,-0.0069,15.959493213516605,-0.019418614317099212,0.0002463548591256267
0.0052,-0.0069,15.959464507094573,-0.019619832206558017,-0.00039497671397868787
0.0053,-0.0069,15.960428824961289,-0.01974914392630073,-0.0010576698365869636
0.0054,-0.0069,15.961543517707888,-0.019816595127975872,-0.0017335547943241449
0.0055,-0.0069,15.964936188131606,-0.019820467177521228,-0.0024112894406112125
0.0056,-0.0069,15.968659257656137,-0.019739747814015225,-0.0030723522600123454
0.0057,-0.0069,15.971525646380117,-0.019599335240583014,-0.0037171027510225006
0.0058,-0.0069,15.976891842009188,-0.01938938348478305,-0.00434714917476871
0.0059,-0.0069,15.983567502955188,-0.019084024015809376,-0.004954240431787937
0.006,-0.0069,15.989372264086137,-0.018723029172442653,-0.005520308038503619
0.0061,-0.0069,15.99719297771485,-0.018289568192725862,-0.00603685850329622
0.0062,-0.0069,16.003536902679848,-0.01774175848966484,-0.006514990650306743
0.0063,-0.0069,16.009693292764563,-0.017126289157543727,-0.006935159608845611
0.0064,-0.0069,16.01703051773862,-0.016435406609447006,-0.007277354360338504
0.0065,-0.0069,16.023818789685837,-0.01566860393156064,-0.0075422187511708615
0.0066,-0.0069,16.030282922055235,-0.014842408318289691,-0.007731720443723252
0.0067,-0.0069,16.035669273043844,-0.01397566487753036,-0.007851541017556406
0.0068,-0.0069,16.04010797562371,-0.013094709195538224,-0.007910269849731536
0.0069,-0.0069,16.042453942989155,-0.012229122393598866,-0.007930628408735246
0.007,-0.0069,16.04362102564268,-0.011418591695989787,-0.00793822553157209
0.0071,-0.0069,16.042798900244474,-0.010700244042911942,-0.007964606071545225
0.0072,-0.0069,16.04100933041856,-0.010111496167179018,-0.008043947400428991
0.0073,-0.0069,16.0377432747229,-0.009662285718384029,-0.008207436327311048
0.0074,-0.0069,16.033611452345934,-0.009372159296271436,-0.008486009386604732
0.0075,-0.0069,16.029612640761954,-0.009232846727169858,-0.00889213424914075
0.0076,-0.0069,16.026486732559356,-0.009215295379333716,-0.0094082451766507
0.0077,-0.0069,16.024930274366184,-0.009274490620935837,-0.0100006604435511
0.0078,-0.0069,16.02466219860851,-0.00935442665500811,-0.01062563321271025
0.0079,-0.0069,16.025642391077934,-0.009419130141651353,-0.011248110085004192
0.008,-0.0069,16.02965977896507,-0.009434041194952891,-0.011822972127412922
0.0081,-0.0069,16.03591253066681,-0.00931055609349257,-0.012218241098205676
0.0082,-0.0069,16.042106720155676,-0.00896106551082821,-0.012321702430302875
0.0083,-0.0069,16.04798995503943,-0.008379119395986413,-0.012103522452622728
0.0084,-0.0069,16.052892789209377,-0.007599849143225033,-0.01156155221536664
0.0085,-0.0069,16.056065691216496,-0.006676798457770856,-0.010738847614516338
0.0086,-0.0069,16.057189869272303,-0.005689868256493623,-0.00971749551464718
0.0087,-0.0069,16.056193173797816,-0.004715773383823697,-0.008597224331504378
0.0088,-0.0069,16.053592242370076,-0.003822006820575107,-0.0074853003056234
0.0089,-0.0069,16.05010406548172,-0.003059596432287964,-0.0064706210418228665
0.009,-0.0069,16.046124668883433,-0.002434706087145213,-0.005584142239622145
0.0091,-0.0069,16.041958505989466,-0.0019278622234024634,-0.004815599269152792
0.0092,-0.0069,16.037807907388245,-0.0015138255361130328,-0.004133633181761898
0.0093,-0.0069,16.033720508616213,-0.0011666945047098653,-0.0035020447067428467
0.0094,-0.0069,16.029700146481964,-0.0008689903250565992,-0.0028948955958692625
0.0095,-0.0069,16.025739352145408,-0.0006135087112543417,-0.0023018148997841553
0.0096,-0.0069,16.02184146246364,-0.000398604644277817,-0.0017296408230276083
0.0097,-0.0069,16.017856822363832,-0.00023646273934439774,-0.0011927413620225434
0.0098,-0.0069,16.014832068710145,-0.00012205993441049163,-0.0007287322810352133
0.0099,-0.0069,16.014845609548217,-5.279917168952119e-05,-0.0003067530903303606
0.01,-0.0069,0.0,0.0,0.0
0.0,-0.0068,0.0,0.0,0.0
0.0001,-0.0068,16.064136885110067,-3.820403177071868e-05,0.0010422147768998978
0.0002,-0.0068,16.0610743260889,-0.0001237920482060914,0.0020261949089414874
0.0003,-0.0068,16.057339296436073,-0.00026675223212737807,0.002898620692860827
0.0004,-0.0068,16.054019970690256,-0.0004654126494635129,0.003633458297432503
0.0005,-0.0068,16.05098746798828,-0.000709733589344852,0.004246443161974991
0.0006,-0.0068,16.048253132900115,-0.0009916477589741882,0.00478395925765893
0.0007,-0.0068,16.04576457513181,-0.0013057623633419202,0.005298524210809012
0.0008,-0.0068,16.043513109416438,-0.0016507869628653448,0.005826476671397667
0.0009,-0.0068,16.04147480183352,-0.0020272591111397155,0.00637829827257849
0.001,-0.0068,16.039547380129157,-0.0024368858549156528,0.006943495375385462
0.0011,-0.0068,16.037641589670088,-0.0028788484180549143,0.007504089271214112
0.0012,-0.0068,16.03570659914087,-0.003351640435649341,0.00804538245107272
0.0013,-0.0068,16.033570200340467,-0.003852953837041562,0.008559608998690198
0.0014,-0.0068,16.031077033739553,-0.004376972769668483,0.009045230447853318
0.0015,-0.0068,16.028136154454742,-0.004918326045013062,0.00950250734284743
0.0016,-0.0068,16.024653654719934,-0.005471024373073532,0.009928933212286559
0.0017,-0.0068,16.02054345998045,-0.006028163136819743,0.010317156518591738
0.0018,-0.0068,16.01575984633813,-0.0065815042448625774,0.010655297695258102
0.0019,-0.0068,16.010317669193803,-0.007121812745188504,0.010928601719787044
0.002,-0.0068,16.004290173460824,-0.007639464363744436,0.011121531544537887
0.0021,-0.0068,15.997804982092992,-0.008124416759460212,0.011219898818157135
0.0022,-0.0068,15.991068567825968,-0.008567568599844963,0.011212949299155455
0.0023,-0.0068,15.984349512546364,-0.00896149962375289,0.011095875893775
0.0024,-0.0068,15.97780011631762,-0.009303451171399107,0.010866836181035962
0.0025,-0.0068,15.971831372855979,-0.009595414878253232,0.010538170431000055
0.0026,-0.0068,15.966849576056337,-0.009839828435708851,0.01012765922360513
0.0027,-0.0068,15.96288071178136,-0.010042015032229817,0.009646576787201036
0.0028,-0.0068,15.96003252993075,-0.010213671711220344,0.009115716788868883
0.0029,-0.0068,15.958428016192865,-0.010370873365825135,0.008562912155466678
0.003,-0.0068,15.958093449445427,-0.01053111967488678,0.00801509954582572
0.0031,-0.0068,15.958886137932287,-0.010710364785596834,0.007494870311885592
0.0032,-0.0068,15.960494851163418,-0.010924480614278208,0.007019986176313578
0.0033,-0.0068,15.962656060765182,-0.01118881697355499,0.006604246029429114
0.0034,-0.0068,15.965097696841118,-0.011513308983774725,0.006253783216449389
0.0035,-0.0068,15.967462680830998,-0.011904243707349858,0.00596782522610002
0.0036,-0.0068,15.969450584081526,-0.01236296655027276,0.005739473169502946
0.0037,-0.0068,15.970830746605618,-0.012885083485797358,0.00555635110338782
0.0038,-0.0068,15.971416233801154,-0.013461895802681376,0.005402536189536444
0.0039,-0.0068,15.971041446413766,-0.014082456147008416,0.005261329585904868
0.004,-0.0068,15.969822727349971,-0.014731422513328698,0.005113584448735449
0.0041,-0.0068,15.967592981995638,-0.015394127236562638,0.004944502533480666
0.0042,-0.0068,15.96457184737524,-0.016058268379245465,0.004740187858840748
0.0043,-0.0068,15.961141508055238,-0.016706129711840833,0.004488671366085761
0.0044,-0.0068,15.957051416059832,-0.017323578339777906,0.004181799677758527
0.0045,-0.0068,15.952659231767836,-0.01790546089512975,0.0038167632326657802
0.0046,-0.0068,15.948467466956675,-0.018439453513859307,0.0033919359885745152
0.0047,-0.0068,15.944351929572177,-0.018918066752525577,0.0029072605869172987
0.0048,-0.0068,15.940584165622948,-0.019341939262546216,0.002365203226420132
0.0049,-0.0068,15.937684154287433,-0.01970732906551633,0.0017739542779691285
0.005,-0.0068,15.935524500529622,-0.020010185738116235,0.0011407539812358994
0.0051,-0.0068,15.933999543162662,-0.02025572410709818,0.00047024766528526045
0.0052,-0.0068,15.933714047023388,-0.020444859734829356,-0.00022963852783205806
0.0053,-0.0068,15.93429271603678,-0.020572916919585356,-0.0009507116464037379
0.0054,-0.0068,15.935292656434969,-0.02065415764040843,-0.0016883921112590323
0.0055,-0.0068,15.938971115507643,-0.02068395759623219,-0.0024265622939496586
0.0056,-0.0068,15.943188714922286,-0.020642022421408366,-0.003160502119303622
0.0057,-0.0068,15.947273067529938,-0.020549015515197874,-0.003889964272986378
0.0058,-0.0068,15.953027620424288,-0.020393448737837255,-0.0045871355303618196
0.0059,-0.0068,15.958071256190813,-0.02015908205533557,-0.005239256746177275
0.006,-0.0068,15.963736807407475,-0.019868472770048513,-0.005870637371582209
0.0061,-0.0068,15.971747601187172,-0.019504906314710618,-0.006487841425202875
0.0062,-0.0068,15.979731200898721,-0.019049052366142474,-0.007063902713179637
0.0063,-0.0068,15.988644472609288,-0.018508995511822484,-0.007563497977750423
0.0064,-0.0068,15.997355828654332,-0.017871627327033512,-0.007983192707739272
0.0065,-0.0068,16.00588799854608,-0.017149859562435584,-0.00832572161817997
0.0066,-0.0068,16.014481322716254,-0.016347411329191236,-0.008578457963672407
0.0067,-0.0068,16.022422327896706,-0.015471470553731093,-0.008742550042896445
0.0068,-0.0068,16.029498623710708,-0.01454139035706747,-0.008823292305368977
0.0069,-0.0068,16.0349817563139,-0.013586624126738635,-0.008834690316827789
0.007,-0.0068,16.038993483028797,-0.01263703775479453,-0.008793667875755322
0.0071,-0.0068,16.04070146565493,-0.011735661768128493,-0.008730838054497413
0.0072,-0.0068,16.040945711897717,-0.010927324396537524,-0.008684313394488174
0.0073,-0.0068,16.03912100212268,-0.010241518247287387,-0.008699166562191383
0.0074,-0.0068,16.035866375787325,-0.009719250568970425,-0.008815459541270335
0.0075,-0.0068,16.03203849234821,-0.009368480861923618,-0.009063242115816359
0.0076,-0.0068,16.02803625362392,-0.00917577976558584,-0.009451551795069508
0.0077,-0.0068,16.024707251364017,-0.009117430035737038,-0.009961876214980162
0.0078,-0.0068,16.023019116531007,-0.009143922601043816,-0.010556208415217401
0.0079,-0.0068,16.022450209086063,-0.009194318060253438,-0.011180746263827444
0.008,-0.0068,16.02348342277484,-0.009231597883037446,-0.011806868030317219
0.0081,-0.0068,16.027478185925666,-0.009212376599052626,-0.01236588947341891
0.0082,-0.0068,16.033567552362474,-0.009032576905464489,-0.01270581365671627
0.0083,-0.0068,16.039887926356197,-0.00861414884920678,-0.012717647021981388
0.0084,-0.0068,16.04559494529789,-0.00796691677724511,-0.012372241623409289
0.0085,-0.0068,16.049952388976898,-0.007128087290529904,-0.011685562019952009
0.0086,-0.0068,16.052152643518784,-0.00616655215823057,-0.01072188980664351
0.0087,-0.0068,16.052282720098525,-0.005168752800337828,-0.009575220076804886
0.0088,-0.0068,16.05052502650479,-0.004206951408579355,-0.008362038630888073
0.0089,-0.0068,16.04726156056598,-0.003354813252029006,-0.007207325663804764
0.009,-0.0068,16.04326743314358,-0.002649071067191023,-0.006182224612347791
0.0091,-0.0068,16.038882975152777,-0.002077093766169923,-0.005297189378427035
0.0092,-0.0068,16.03444222202387,-0.0016168428227926513,-0.004527306650921314
0.0093,-0.0068,16.030051764363808,-0.0012394361188832162,-0.0038331119900953305
0.0094,-0.0068,16.025756459734577,-0.0009213564289070125,-0.003178879089799083
0.0095,-0.0068,16.021472662799344,-0.0006501652413218638,-0.002545111002381267
0.0096,-0.0068,16.017250675132747,-0.000416410911592968,-0.0019302652513187976
0.0097,-0.0068,16.01262714328592,-0.00023230473473374332,-0.0013448721522455272
0.0098,-0.0068,16.010138155170523,-6.81297344735636e-05,-0.0007972359041207214
0.0099,-0.0068,16.006556502490373,3.3912513903507717e-06,-0.00030767614659317944
0.01,-0.0068,0.0,0.0,0.0
0.0,-0.0067,0.0,0.0,0.0
0.0001,-0.0067,16.059604602425786,-3.8631115960128974e-05,0.0010964847466611648
0.0002,-0.0067,16.05649655291549,-0.00012474359478901177,0.002140813918554003
0.0003,-0.0067,16.052705702631464,-0.00026868747454655584,0.0030721998591369047
0.0004,-0.0067,16.049334702227853,-0.00046947560990672426,0.003858483077319961
0.0005,-0.0067,16.046251849908753,-0.0007174117035099032,0.004513465987463137
0.0006,-0.0067,16.043470418679284,-0.001004352927770534,0.005085604171323848
0.0007,-0.0067,16.040935339476974,-0.0013244886230667405,0.005631326502578712
0.0008,-0.0067,16.038621821350585,-0.0016759393352534316,0.006190186774091619
0.0009,-0.0067,16.036470281567777,-0.002059048697392066,0.00677421637552808
0.001,-0.0067,16.03445385099212,-0.002475192211770033,0.007372801837151515
0.0011,-0.0067,16.032470795903038,-0.002922943697460493,0.007965494514115375
0.0012,-0.0067,16.0303798765006,-0.0034004259766178286,0.008535522310165949
0.0013,-0.0067,16.02801148997836,-0.0039052194721846786,0.009074604540393992
0.0014,-0.0067,16.025229381129904,-0.004431084997955889,0.009579814624558293
0.0015,-0.0067,16.021960037630787,-0.004971623485993174,0.010050318477912216
0.0016,-0.0067,16.018099264809937,-0.005520496151354429,0.010483111617202112
0.0017,-0.0067,16.01357781368272,-0.0060704282185991875,0.010869969571922208
0.0018,-0.0067,16.008377608706773,-0.00661271702374794,0.011198039547273296
0.0019,-0.0067,16.00254505594291,-0.007138142936169617,0.011451776495349751
0.002,-0.0067,15.996179975652431,-0.007637135802148552,0.011615266792238182
0.0021,-0.0067,15.98945905951965,-0.008100734201920392,0.011674956052685894
0.0022,-0.0067,15.982654289228325,-0.008521210758462778,0.011622122298361017
0.0023,-0.0067,15.975956313243662,-0.008893640095670938,0.011453379072849518
0.0024,-0.0067,15.969639819790531,-0.009217831623034422,0.011173495172515157
0.0025,-0.0067,15.964143341717811,-0.009498043552026306,0.010799481121293092
0.0026,-0.0067,15.959674566065184,-0.00973773078131677,0.01034835786252007
0.0027,-0.0067,15.956324415683959,-0.009944130669074838,0.009836004432963992
0.0028,-0.0067,15.95420688536823,-0.010133028727135094,0.009288382615631696
0.0029,-0.0067,15.953334724360161,-0.01032190996876919,0.00873659186384871
0.003,-0.0067,15.95357761205006,-0.010528301117486363,0.008207358708273568
0.0031,-0.0067,15.954723352251138,-0.010767659386089118,0.0077218706877560175
0.0032,-0.0067,15.956484912999004,-0.01105451965711813,0.007296865759446323
0.0033,-0.0067,15.958523659179885,-0.0114010805298956,0.0069411538598575075
0.0034,-0.0067,15.960478272496129,-0.01181410893504679,0.006657155124078261
0.0035,-0.0067,15.96201242372065,-0.012295133927065443,0.006438257998156447
0.0036,-0.0067,15.962849769527265,-0.012841411772025586,0.006273382099195738
0.0037,-0.0067,15.962789169243068,-0.01344485523422632,0.006146076048451067
0.0038,-0.0067,15.961771259613002,-0.014092082846219304,0.006035858915329208
0.0039,-0.0067,15.959550692408868,-0.014769635028851272,0.0059242612828256415
0.004,-0.0067,15.956344485335185,-0.015461020811340147,0.005790603645178129
0.0041,-0.0067,15.952220624196185,-0.01615043142656898,0.005619770485845406
0.0042,-0.0067,15.947349392080746,-0.016823808356739717,0.005399533126966068
0.0043,-0.0067,15.942100677836264,-0.017466420045465517,0.005119694887742229
0.0044,-0.0067,15.936539290202905,-0.018066156770420668,0.004772486477231836
0.0045,-0.0067,15.930990742405983,-0.018615924697214216,0.00435714109333811
0.0046,-0.0067,15.925671097973137,-0.019107264496291528,0.0038763408189007647
0.0047,-0.0067,15.920616037397053,-0.019538340306776703,0.0033326391943762973
0.0048,-0.0067,15.916236122993794,-0.019909328731201756,0.0027321314171687844
0.0049,-0.0067,15.912528048150739,-0.020220814546622917,0.002083493866735693
0.005,-0.0067,15.909687889099404,-0.02047691393711374,0.0013924706133500416
0.0051,-0.0067,15.907998875739219,-0.020683160030146187,0.0006672400033905831
0.0052,-0.0067,15.907714442284677,-0.020840860528039146,-8.303266682146412e-05
0.0053,-0.0067,15.908368700834494,-0.02095331626520393,-0.0008514302674555316
0.0054,-0.0067,15.91036727145316,-0.021027694518849123,-0.0016306499859449605
0.0055,-0.0067,15.913357459976702,-0.021057993060077995,-0.002408916326643849
0.0056,-0.0067,15.916486496830831,-0.021048309918541123,-0.0031923646851048136
0.0057,-0.0067,15.920835852239957,-0.02101192945253402,-0.003975066168461072
0.0058,-0.0067,15.927650396000853,-0.020927504420288085,-0.004735679710211001
0.0059,-0.0067,15.9344986343765,-0.020759641921172026,-0.005477455196774211
0.006,-0.0067,15.9395855071955,-0.020541902783691925,-0.006191468686259132
0.0061,-0.0067,15.947384524768891,-0.020293390646627163,-0.006859866302332045
0.0062,-0.0067,15.956797387391234,-0.01995228885281498,-0.00749764614277213
0.0063,-0.0067,15.966003013705254,-0.019513494474096792,-0.008091242033628267
0.0064,-0.0067,15.975526476683878,-0.018994879486659354,-0.00861176934879393
0.0065,-0.0067,15.985669838277472,-0.01838202495795179,-0.009045069351364579
0.0066,-0.0067,15.99572181725664,-0.017663823052272577,-0.009383204667423619
0.0067,-0.0067,16.005465639905566,-0.01684887960176519,-0.009625726143087163
0.0068,-0.0067,16.01454928651157,-0.015948127162327526,-0.009764849740699535
0.0069,-0.0067,16.022729521582068,-0.01498278787016076,-0.009809579388202903
0.007,-0.0067,16.02981623356409,-0.013973685376197796,-0.009769390552242106
0.0071,-0.0067,16.03449160647801,-0.012959865465011579,-0.009665494019812699
0.0072,-0.0067,16.037470254861674,-0.011987140586293058,-0.009535750424164708
0.0073,-0.0067,16.038051577001262,-0.011095103831877038,-0.009423873117856262
0.0074,-0.0067,16.0364952092936,-0.010343157361819086,-0.009377950153428842
0.0075,-0.0067,16.033645713458917,-0.009763055644063741,-0.009445834028191089
0.0076,-0.0067,16.02992897634552,-0.00935906947482341,-0.009664773118035654
0.0077,-0.0067,16.02567408671014,-0.009124378004193221,-0.010041699539467454
0.0078,-0.0067,16.022368547839605,-0.009031044316148821,-0.010552981489560131
0.0079,-0.0067,16.020517673150977,-0.00902141426995599,-0.011146661096563322
0.008,-0.0067,16.019398354318604,-0.009045205607291818,-0.011765940096467963
0.0081,-0.0067,16.020773510335754,-0.009057490452701824,-0.012403852526324796
0.0082,-0.0067,16.025368470784944,-0.008980847082704918,-0.012939297644364727
0.0083,-0.0067,16.031481751779463,-0.008722841278004208,-0.013179760724209677
0.0084,-0.0067,16.037767014497447,-0.008229027936370842,-0.013056628840374063
0.0085,-0.0067,16.043001130027964,-0.007508590990296262,-0.012557059818109909
0.0086,-0.0067,16.046448865321246,-0.006613134153658036,-0.011710184246310918
0.0087,-0.0067,16.047961865268046,-0.005620035634594697,-0.010594408587568691
0.0088,-0.0067,16.047110789576816,-0.004614202682101699,-0.009316010474494292
0.0089,-0.0067,16.044164360505672,-0.003684433011809347,-0.008029668001312155
0.009,-0.0067,16.040237981006584,-0.002893662771110629,-0.006858666315149678
0.0091,-0.0067,16.035704725204283,-0.0022493840859810614,-0.0058391537471664725
0.0092,-0.0067,16.03098191643772,-0.001733954952017895,-0.00496232393658991
0.0093,-0.0067,16.026279621768136,-0.0013195506767493962,-0.004190533101328796
0.0094,-0.0067,16.021666040268922,-0.0009784681554050258,-0.003480318488609518
0.0095,-0.0067,16.01711325210482,-0.0006925676702757129,-0.0028024425664249526
0.0096,-0.0067,16.012662886734535,-0.00045235101444820514,-0.002147017419523606
0.0097,-0.0067,16.00813771032213,-0.0002569199478173775,-0.001526706084574293
0.0098,-0.0067,16.003776486929308,-0.00010217268924300071,-0.0009416331708195374
0.0099,-0.0067,15.998302698264865,-1.2033492487339807e-05,-0.00044543898253771356
0.01,-0.0067,0.0,0.0,0.0
0.0,-0.0066,0.0,0.0,0.0
0.0001,-0.0066,16.054649858493725,-3.916316140908895e-05,0.0011512052671952687
0.0002,-0.0066,16.051502299536164,-0.00012577582119586557,0.0022559697111425693
0.0003,-0.0066,16.047662728387635,-0.0002703692897760006,0.0032469655337930676
0.0004,-0.0066,16.044244190383413,-0.0004727028805608054,0.004086008643169839
0.0005,-0.0066,16.04111271528566,-0.0007235525964252279,0.004784510843287265
0.0006,-0.0066,16.03828114705308,-0.0010147594750410268,0.005392507566389285
0.0007,-0.0066,16.03569181580158,-0.00134008885705727,0.005970080530998901
0.0008,-0.0066,16.033321498803527,-0.0016971059260024331,0.006560088159212337
0.0009,-0.0066,16.031112152227767,-0.0020855427120648933,0.007175863854857346
0.001,-0.0066,16.02894767020899,-0.0025065371890316754,0.007806590172240653
0.0011,-0.0066,16.026803596543605,-0.0029580400186977863,0.008430609906935897
0.0012,-0.0066,16.024581616793544,-0.0034381631086526704,0.009028664231360641
0.0013,-0.0066,16.021982360061386,-0.003944616585620658,0.00959080368579206
0.0014,-0.0066,16.01890164529368,-0.004469900428297164,0.010113441556212764
0.0015,-0.0066,16.015301449179997,-0.0050071265758498355,0.010594745479977699
0.0016,-0.0066,16.011072904165932,-0.005550105798714251,0.011030831520455784
0.0017,-0.0066,16.00616447225077,-0.00609088471954731,0.011412863846968095
0.0018,-0.0066,16.00059207047179,-0.006620517465359452,0.011727263550618703
0.0019,-0.0066,15.994423196325148,-0.00713007776967953,0.011957936187391573
0.002,-0.0066,15.98780202983274,-0.007610827104271378,0.012089101187085316
0.0021,-0.0066,15.980959250808715,-0.00805510922896359,0.012108726739167852
0.0022,-0.0066,15.974149951901913,-0.008456747575408277,0.012010479034001043
0.0023,-0.0066,15.967550745085962,-0.008813044221150314,0.011793121723710925
0.0024,-0.0066,15.96161520004059,-0.009126967899967782,0.011469625559399885
0.0025,-0.0066,15.956680040840032,-0.009402092718121086,0.01105822052274475
0.0026,-0.0066,15.952722395793897,-0.009643779601023476,0.010573518214307721
0.0027,-0.0066,15.949926491742287,-0.009865386628719152,0.010040333046424925
0.0028,-0.0066,15.948457228077073,-0.010082807107664805,0.00949048461542987
0.0029,-0.0066,15.948145767132713,-0.010312432631646272,0.008954246268272877
0.003,-0.0066,15.948720258283906,-0.01057168853327307,0.008456580862632894
0.0031,-0.0066,15.949974187146044,-0.010875930402877848,0.008017968014335486
0.0032,-0.0066,15.9515777590994,-0.011236830928751941,0.007651579980193226
0.0033,-0.0066,15.953114344742225,-0.011662100513216785,0.0073620732825634356
0.0034,-0.0066,15.954238764889682,-0.01215475983305283,0.007145587313271491
0.0035,-0.0066,15.954639738396926,-0.012712379091019329,0.006991285012762877
0.0036,-0.0066,15.954095739381827,-0.013327195772530599,0.006882734015436336
0.0037,-0.0066,15.9523596507771,-0.013987334450932414,0.0067997536012526835
0.0038,-0.0066,15.949478014431568,-0.014677836113189844,0.006719846457427777
0.0039,-0.0066,15.945418364248447,-0.015382264377701654,0.006621594932445956
0.004,-0.0066,15.940351871485356,-0.01608382937357598,0.006485720075255758
0.0041,-0.0066,15.934555054558626,-0.016766899229912795,0.006297161617060006
0.0042,-0.0066,15.928151514979492,-0.017415629254638475,0.006043994205011305
0.0043,-0.0066,15.92142331139387,-0.018018102089685902,0.005719456440804039
0.0044,-0.0066,15.914647983999123,-0.018565308526946753,0.005319717653567523
0.0045,-0.0066,15.908140482480258,-0.019051279841891682,0.004845988907534548
0.0046,-0.0066,15.902063769158607,-0.01947278279570747,0.004302475012631844
0.0047,-0.0066,15.896704872163095,-0.01983063991882488,0.0036955528426582257
0.0048,-0.0066,15.892308416241614,-0.02012504829953153,0.003034970470642862
0.0049,-0.0066,15.888568720033717,-0.020361571226682564,0.002329542693961806
0.005,-0.0066,15.885869189911261,-0.020548798118790977,0.001587857335218434
0.0051,-0.0066,15.88418324983836,-0.02069454586884009,0.0008196767984640856
0.0052,-0.0066,15.883902546440863,-0.020804461889915613,3.059523393274233e-05
0.0053,-0.0066,15.884884560285798,-0.02088508211609193,-0.00077343779025665
0.0054,-0.0066,15.887476710931198,-0.020941716483805984,-0.0015834838803492086
0.0055,-0.0066,15.890829282335982,-0.020973324110577098,-0.0023964947585338315
0.0056,-0.0066,15.894943062396752,-0.020985457244958986,-0.0032099550071896747
0.0057,-0.0066,15.900110381850087,-0.020974513660505886,-0.004009859778577079
0.0058,-0.0066,15.905927700941293,-0.020930103799681556,-0.004798552188024133
0.0059,-0.0066,15.912900375480437,-0.020834275969054038,-0.005596988695504129
0.006,-0.0066,15.918098040414955,-0.020697549306524232,-0.006380861586305981
0.0061,-0.0066,15.923139876923116,-0.02056180622535514,-0.007121525558162963
0.0062,-0.0066,15.933709355186986,-0.02038268686395997,-0.00783660339725145
0.0063,-0.0066,15.944953954931675,-0.020090772638730256,-0.008496881797711098
0.0064,-0.0066,15.95398333505923,-0.01971065315253807,-0.009095803845003931
0.0065,-0.0066,15.964528055031531,-0.01924626887548667,-0.009636376490168332
0.0066,-0.0066,15.975250606520529,-0.018671903851028376,-0.010085960491139589
0.0067,-0.0066,15.986498106944348,-0.017986050852070966,-0.010431124352586339
0.0068,-0.0066,15.996991999384052,-0.017183392757813172,-0.010662638208820645
0.0069,-0.0066,16.00726794467041,-0.016281926543072086,-0.010781258246246931
0.007,-0.0066,16.01677468137983,-0.015290687090118976,-0.010787512200969279
0.0071,-0.0066,16.024013357450222,-0.014246822780460213,-0.010697277164056853
0.0072,-0.0066,16.030150388185294,-0.013191276837634831,-0.010535363069910868
0.0073,-0.0066,16.033802567433455,-0.012157407506421065,-0.010339556776826686
0.0074,-0.0066,16.03477348795933,-0.011213151004318004,-0.010161290894590707
0.0075,-0.0066,16.03357289480782,-0.010409257056980837,-0.010058947985043535
0.0076,-0.0066,16.030728489476335,-0.009779602821895746,-0.010090117025623381
0.0077,-0.0066,16.026920413754446,-0.009339071680027624,-0.010293825277481575
0.0078,-0.0066,16.02275020105479,-0.00907356681644057,-0.010668407821698832
0.0079,-0.0066,16.019469007161224,-0.008948179184496495,-0.011179099199118888
0.008,-0.0066,16.01744707781628,-0.008908128037925608,-0.01176520368143726
0.0081,-0.0066,16.01700308530688,-0.00889922906215662,-0.012397631825246174
0.0082,-0.0066,16.019491441300655,-0.008864748266166365,-0.013037462185496698
0.0083,-0.0066,16.023961286227763,-0.00872068377238764,-0.013494942190269478
0.0084,-0.0066,16.029522304043137,-0.008378105116032309,-0.013602455830181392
0.0085,-0.0066,16.035446304627477,-0.0077986219466550715,-0.013317894903561441
0.0086,-0.0066,16.040177932011865,-0.007003406639154443,-0.012633619579438964
0.0087,-0.0066,16.043233491778583,-0.006052687352035547,-0.011606132431492631
0.0088,-0.0066,16.04331145537017,-0.005031635499968081,-0.010320491801479438
0.0089,-0.0066,16.040756832044103,-0.004042490965852244,-0.008933098023400527
0.009,-0.0066,16.036977668515764,-0.0031701255447293417,-0.007617664388516451
0.0091,-0.0066,16.03239145001646,-0.002447245511323197,-0.00645039548268475
0.0092,-0.0066,16.027427768960916,-0.0018683767539168048,-0.005447244213034129
0.0093,-0.0066,16.02240876524992,-0.001409230407730061,-0.004580033221917483
0.0094,-0.0066,16.017455069275744,-0.001040030504667591,-0.0038010928914580435
0.0095,-0.0066,16.012630292299228,-0.000737010234891573,-0.0030690751242220295
0.0096,-0.0066,16.007925788364382,-0.0004924956201744655,-0.0023635788178419156
0.0097,-0.0066,16.003705223153084,-0.00029797743550090687,-0.0016894006801676737
0.0098,-0.0066,15.998700164846435,-0.00018618699385967275,-0.0010725513316438308
0.0099,-0.0066,15.995877213958508,-7.74883133084326e-05,-0.0005369377236128857
0.01,-0.0066,0.0,0.0,0.0
0.0,-0.0065,0.0,0.0,0.0
0.0001,-0.0065,16.0492688986381,-3.9769621286269865e-05,0.0012064364212827487
0.0002,-0.0065,16.04608784080649,-0.00012681672031422707,0.0023714744617221164
0.0003,-0.0065,16.04220552071637,-0.0002716973366034659,0.0034224252284527274
0.0004,-0.0065,16.038743611336116,-0.0004749616294343637,0.004315344489141247
0.0005,-0.0065,16.035565336001902,-0.0007279709522839342,0.00505881028847519
0.0006,-0.0065,16.03268259312243,-0.0010226317177089747,0.005703842566311957
0.0007,-0.0065,16.030034610202986,-0.0013522562179597356,0.006313849008950982
0.0008,-0.0065,16.027595671048537,-0.0017137887311674815,0.0069350247774099556
0.0009,-0.0065,16.025320449865358,-0.002106302732184842,0.007582395396791362
0.001,-0.0065,16.023098101825667,-0.0025306201556939668,0.00824429460423482
0.0011,-0.0065,16.020791089150674,-0.002983703143082433,0.008898125017508777
0.0012,-0.0065,16.01833016741361,-0.0034647562296329605,0.009523068168921074
0.0013,-0.0065,16.01550286448608,-0.003971064189328396,0.01010668173065809
0.0014,-0.0065,16.012130634179382,-0.004493142715096377,0.010644327917548482
0.0015,-0.0065,16.008188533936423,-0.005025141393772499,0.01113372334180768
0.0016,-0.0065,16.00360608247297,-0.005560571852546029,0.011570297150385765
0.0017,-0.0065,15.998346305021986,-0.006090733904781444,0.011944387471743834
0.0018,-0.0065,15.992448574423843,-0.00660684071803258,0.012242014698843492
0.0019,-0.0065,15.986005009323575,-0.007100730272664652,0.012446940545940359
0.002,-0.0065,15.979221789897876,-0.007565217073893157,0.012544557926186636
0.0021,-0.0065,15.972377590151568,-0.00799252667970802,0.012524733846365772
0.0022,-0.0065,15.965555808093033,-0.008378579008257224,0.012380815035247933
0.0023,-0.0065,15.959142232038822,-0.008725238392670063,0.012120462352477598
0.0024,-0.0065,15.953687402223014,-0.009035415736585894,0.011762088518457564
0.0025,-0.0065,15.949218183948867,-0.009311886748163183,0.011318979969666703
0.0026,-0.0065,15.94578626367247,-0.009564325597782874,0.010810966421554262
0.0027,-0.0065,15.943566366996563,-0.009809168528325904,0.01026997128371235
0.0028,-0.0065,15.94257154127309,-0.010061955674388442,0.009730563290780042
0.0029,-0.0065,15.942561505736577,-0.010338340061765483,0.009221595435466017
0.003,-0.0065,15.943268167038768,-0.010654256120260672,0.008766357368161084
0.0031,-0.0065,15.944371211016957,-0.01102316948290948,0.008383105837228635
0.0032,-0.0065,15.94550670636861,-0.011453429234034883,0.008080317227069918
0.0033,-0.0065,15.9462480867117,-0.011948455374450724,0.007857229104590205
0.0034,-0.0065,15.946292033393881,-0.012506778832299337,0.007704621944370991
0.0035,-0.0065,15.945321698955,-0.013121681580169957,0.007607095392093005
0.0036,-0.0065,15.943162599511512,-0.013782170442737907,0.007543517155044546
0.0037,-0.0065,15.939739802479163,-0.014473369311636394,0.0074903449482197765
0.0038,-0.0065,15.935055232199717,-0.015179085841496113,0.007424312048786113
0.0039,-0.0065,15.929323137850176,-0.015881512735615024,0.007322851275989188
0.004,-0.0065,15.922660561729831,-0.016562221964839308,0.007166700167230774
0.0041,-0.0065,15.91537176676986,-0.017206654697392642,0.0069429349196293046
0.0042,-0.0065,15.907748500852735,-0.017801391143535718,0.006642073057350706
0.0043,-0.0065,15.900036050825461,-0.018336513785902616,0.006259557784944769
0.0044,-0.0065,15.892598795709475,-0.018805700351419666,0.005795595480855845
0.0045,-0.0065,15.885687585946833,-0.019204977144562783,0.005255317040190986
0.0046,-0.0065,15.879439028875764,-0.019536243647842327,0.0046458465755814
0.0047,-0.0065,15.87430758027104,-0.019803082846203808,0.0039757376533137954
0.0048,-0.0065,15.870336574347867,-0.020007157900063233,0.00325609024463294
0.0049,-0.0065,15.86727184150431,-0.020157933632367016,0.0024981217548499094
0.005,-0.0065,15.86542701386234,-0.02026573042129899,0.001712951151900974
0.0051,-0.0065,15.864530401217202,-0.020340604463205084,0.0009090377903472095
0.0052,-0.0065,15.865059283603594,-0.020390598310240766,9.37563506493241e-05
0.0053,-0.0065,15.866398426380028,-0.02042325984325108,-0.0007267973710991321
0.0054,-0.0065,15.868734064652509,-0.02045056800007706,-0.001550379679751249
0.0055,-0.0065,15.872261884462276,-0.020477435652806998,-0.002375580302668516
0.0056,-0.0065,15.877310659586112,-0.02050273594991605,-0.0031989817758888823
0.0057,-0.0065,15.883513392940591,-0.020516924422920316,-0.004020597199690176
0.0058,-0.0065,15.889879807016312,-0.020518408458158843,-0.004844632291817068
0.0059,-0.0065,15.897065986071082,-0.02049755836652107,-0.00565638750858749
0.006,-0.0065,15.902747682209402,-0.020438174902316194,-0.006450492784809284
0.0061,-0.0065,15.905414013851892,-0.020387567797473992,-0.007237042586423244
0.0062,-0.0065,15.913503791944065,-0.020349521481652144,-0.008006412596224666
0.0063,-0.0065,15.924178133851061,-0.020223082556307503,-0.008741254499508296
0.0064,-0.0065,15.934188885745254,-0.02000934575896235,-0.009436947753153138
0.0065,-0.0065,15.945746939611732,-0.01971218053280729,-0.010070017194576815
0.0066,-0.0065,15.956132833337177,-0.019304611826042845,-0.010625414844707045
0.0067,-0.0065,15.967630507363973,-0.018786401405041595,-0.011092701291241102
0.0068,-0.0065,15.978899727230054,-0.018140392216720758,-0.011447962118165142
0.0069,-0.0065,15.990358788827885,-0.01737008457134138,-0.01167518503645355
0.007,-0.0065,16.001299588345823,-0.016470962932100923,-0.01177284433918434
0.0071,-0.0065,16.010688321288818,-0.015475242629731975,-0.011747460715599732
0.0072,-0.0065,16.019318393642752,-0.014414528768425985,-0.011607377062447409
0.0073,-0.0065,16.025939512335004,-0.01331718294457077,-0.011384251674803688
0.0074,-0.0065,16.029808950538154,-0.012247618195301662,-0.011123599342772348
0.0075,-0.0065,16.031222472424606,-0.01126561654176486,-0.0108867354845284
0.0076,-0.0065,16.0301497555416,-0.010422802913356934,-0.010740278372460218
0.0077,-0.0065,16.027311226229298,-0.009764453675562442,-0.010748269158704943
0.0078,-0.0065,16.02355384311071,-0.009301235251622648,-0.010946995973158423
0.0079,-0.0065,16.019457725876993,-0.009012307697790527,-0.01132570924509138
0.008,-0.0065,16.016361694119745,-0.008856728574358163,-0.011835852229749536
0.0081,-0.0065,16.01432427661275,-0.00877913374651452,-0.012416565293981194
0.0082,-0.0065,16.01443009200749,-0.00873719139081383,-0.013045893488274469
0.0083,-0.0065,16.017493832044963,-0.008650993694849802,-0.01366139853623403
0.0084,-0.0065,16.022237050900628,-0.00842344576578301,-0.014011891160288902
0.0085,-0.0065,16.027815584849606,-0.007987756027794998,-0.013945989226349188
0.0086,-0.0065,16.03309344157563,-0.007312860909381583,-0.01346087988262257
0.0087,-0.0065,16.036719951152083,-0.006442675463957328,-0.012573888927666666
0.0088,-0.0065,16.037965836065847,-0.0054484354251843285,-0.011350532720002533
0.0089,-0.0065,16.03672990388908,-0.004423488441027007,-0.009909451173031467
0.009,-0.0065,16.033403328706715,-0.0034757558225495437,-0.008458915939644554
0.0091,-0.0065,16.02891784189511,-0.0026709578970019587,-0.007137630827026742
0.0092,-0.0065,16.0237732483469,-0.0020224091517161025,-0.005990392443555156
0.0093,-0.0065,16.018447653811705,-0.0015108210172214615,-0.005008993744948652
0.0094,-0.0065,16.013162413283563,-0.0011059993632967983,-0.0041466732638683074
0.0095,-0.0065,16.008007361558036,-0.0007796241341482884,-0.003351764948139705
0.0096,-0.0065,16.002944943235928,-0.0005129927806472219,-0.0025908329541538427
0.0097,-0.0065,15.998094863284933,-0.0003039866016940516,-0.001851995267970041
0.0098,-0.0065,15.993394626229493,-0.00015337163828362145,-0.0011639422179772507
0.0099,-0.0065,15.991278553102294,-6.682960807957162e-05,-0.0005232080363765782
0.01,-0.0065,0.0,0.0,0.0
0.0,-0.0064,0.0,0.0,0.0
0.0001,-0.0064,16.04345847029963,-4.0414637626470676e-05,0.001262203525832796
0.0002,-0.0064,16.040249652994383,-0.00012779396262651554,0.002487105387851401
0.0003,-0.0064,16.036331059011147,-0.00027257466569712767,0.003598055428000224
0.0004,-0.0064,16.03282982306143,-0.0004761241984151893,0.004545763576840295
0.0005,-0.0064,16.02960629031004,-0.0007304933873471095,0.005335549664657203
0.0006,-0.0064,16.026672158010662,-0.0010277392721992668,0.006018752049054436
0.0007,-0.0064,16.023964567235026,-0.0013607245474200201,0.006661672752722398
0.0008,-0.0064,16.021455386585597,-0.0017256394794587084,0.0073137732607934484
0.0009,-0.0064,16.019085641455284,-0.002120975366607529,0.007992040193550596
0.001,-0.0064,16.016770896560942,-0.0025467455690129657,0.008684819623422699
0.0011,-0.0064,16.014326080348205,-0.0029998334990836415,0.009367227304849596
0.0012,-0.0064,16.011633950001254,-0.003480419470704695,0.01001696119350524
0.0013,-0.0064,16.008550109486688,-0.003984161210269423,0.010620428457629876
0.0014,-0.0064,16.004897887489605,-0.004501105339036351,0.011170923086402716
0.0015,-0.0064,16.0006389676007,-0.005026618392012693,0.011665741816204162
0.0016,-0.0064,15.995731134285363,-0.005553104216092973,0.01210012605642204
0.0017,-0.0064,15.990164349172353,-0.006071698788935521,0.012463672703904492
0.0018,-0.0064,15.98399042921588,-0.006574296852055042,0.012742141330954786
0.0019,-0.0064,15.97735465190148,-0.007053941966499154,0.012920143991134773
0.002,-0.0064,15.970490628136547,-0.007503901776305219,0.012984667467040887
0.0021,-0.0064,15.963635687732493,-0.007917735853948013,0.0129260296477939
0.0022,-0.0064,15.956962986214743,-0.008293002631045255,0.012741506361960534
0.0023,-0.0064,15.950941019092294,-0.008634426952825354,0.01244592817702225
0.0024,-0.0064,15.945871990229127,-0.008945472025178357,0.012056680282341059
0.0025,-0.0064,15.94176649196977,-0.009230100622865584,0.011588039181714577
0.0026,-0.0064,15.938814140859975,-0.009501512874007415,0.011068032759908478
0.0027,-0.0064,15.93708170669984,-0.009775275483734462,0.01053222444435731
0.0028,-0.0064,15.936368303514396,-0.010067332054869784,0.010013657433371796
0.0029,-0.0064,15.936437969279813,-0.010393123887260642,0.009540659723449894
0.003,-0.0064,15.937050993335545,-0.010765484132313867,0.009135989651392729
0.0031,-0.0064,15.93775751962283,-0.011194338419804542,0.008812722067165518
0.0032,-0.0064,15.938189828981505,-0.01168458590137756,0.008573908999950437
0.0033,-0.0064,15.937905367922365,-0.012235433857456568,0.008413283723736991
0.0034,-0.0064,15.936652183842579,-0.012841927159823565,0.008316707001537301
0.0035,-0.0064,15.934185028563466,-0.013493585152871123,0.008264272807134628
0.0036,-0.0064,15.930400413963712,-0.014176641459656199,0.008231508617728478
0.0037,-0.0064,15.92536323054611,-0.01487456123320002,0.008192716662885149
0.0038,-0.0064,15.919103040122629,-0.015568105253034897,0.008122014461382221
0.0039,-0.0064,15.911861509571663,-0.016240359537426606,0.007998745278612747
0.004,-0.0064,15.903903121753801,-0.01687438672741546,0.007805157644817521
0.0041,-0.0064,15.895592015313692,-0.017456585713016247,0.0075302817064774544
0.0042,-0.0064,15.887235999074823,-0.017975506804882416,0.0071681076240146385
0.0043,-0.0064,15.879103769953035,-0.018424587632953,0.0067175052639013725
0.0044,-0.0064,15.87167502091742,-0.01880015333156605,0.0061817543203514375
0.0045,-0.0064,15.86503768753656,-0.019099937018627843,0.005569442848941423
0.0046,-0.0064,15.859277234174078,-0.01933001221182569,0.0048916408518660725
0.0047,-0.0064,15.85486839210448,-0.019496915107279824,0.004160322795206812
0.0048,-0.0064,15.851755422296057,-0.01960544743202292,0.00338718581555595
0.0049,-0.0064,15.849745280102036,-0.019667816309510863,0.0025842256495083884
0.005,-0.0064,15.849067213219914,-0.019696014006432117,0.0017632449198537506
0.0051,-0.0064,15.849571605981561,-0.019699564539866436,0.0009335784612964392
0.0052,-0.0064,15.851288263246262,-0.019688535955593806,0.00010335935705739978
0.0053,-0.0064,15.853527884371955,-0.01967388054751922,-0.000724525193088197
0.0054,-0.0064,15.856794080407685,-0.0196672058172119,-0.001548612800416364
0.0055,-0.0064,15.860495278669603,-0.019672717054184396,-0.0023654807292561517
0.0056,-0.0064,15.865031703615823,-0.019694189404337203,-0.003178390534896825
0.0057,-0.0064,15.870624441645322,-0.019728542188436546,-0.003990411253308058
0.0058,-0.0064,15.87682228597369,-0.01977923203590966,-0.004808962070560083
0.0059,-0.0064,15.884633351819861,-0.019840139826296174,-0.00563090392558954
0.006,-0.0064,15.892972843661937,-0.019869892322351132,-0.006454180567894838
0.0061,-0.0064,15.896407473022562,-0.019898298407908868,-0.007258481634322022
0.0062,-0.0064,15.902158353251382,-0.019956489736183313,-0.008035637795417386
0.0063,-0.0064,15.911357012091019,-0.01995889073994325,-0.00882914777418562
0.0064,-0.0064,15.920082110622968,-0.019897089098722405,-0.009606567326963718
0.0065,-0.0064,15.930012651423882,-0.0197729766206718,-0.010328090263982757
0.0066,-0.0064,15.940202357577627,-0.019556822168140975,-0.01099565864929153
0.0067,-0.0064,15.951708460231256,-0.019228045601016597,-0.011578759431309593
0.0068,-0.0064,15.962395828201586,-0.01876470009164167,-0.012062578032834467
0.0069,-0.0064,15.973532234530214,-0.018167467960335096,-0.012428888355387666
0.007,-0.0064,15.98499364277521,-0.017424969264435777,-0.012656630876214183
0.0071,-0.0064,15.995984278087791,-0.01654795384799795,-0.012739123596658498
0.0072,-0.0064,16.00636411531233,-0.015554285909856561,-0.012675928221671354
0.0073,-0.0064,16.01516006325659,-0.01447072462071225,-0.012485317170573799
0.0074,-0.0064,16.021590252703483,-0.01335248885398261,-0.012202582810095687
0.0075,-0.0064,16.025899343882415,-0.012259161227443069,-0.011882307980093645
0.0076,-0.0064,16.02744919542139,-0.0112485893675911,-0.011594028728764806
0.0077,-0.0064,16.02637496968026,-0.010385524713348504,-0.011415178158988062
0.0078,-0.0064,16.023532137496847,-0.009713748026247568,-0.011414332310241934
0.0079,-0.0064,16.01971285561772,-0.009239751894548221,-0.011623088514592067
0.008,-0.0064,16.015776616288644,-0.00893496833342666,-0.012018519737932092
0.0081,-0.0064,16.01266722884768,-0.008747616226431226,-0.012535707151960949
0.0082,-0.0064,16.010187659264435,-0.008644106153767457,-0.013097428502504074
0.0083,-0.0064,16.011342337200567,-0.008570528597851177,-0.01373330262253002
0.0084,-0.0064,16.015023734901202,-0.008411765592655855,-0.01428016659157587
0.0085,-0.0064,16.019759666960947,-0.008088893981679921,-0.014453381359024263
0.0086,-0.0064,16.02553258647877,-0.007543389994114139,-0.014187379424719657
0.0087,-0.0064,16.02895516508913,-0.006773945354997465,-0.013490999789719202
0.0088,-0.0064,16.031539766569438,-0.0058410263139997975,-0.012389545328220137
0.0089,-0.0064,16.03217802282907,-0.004807261326143388,-0.010945306530847803
0.009,-0.0064,16.029503107210356,-0.003799330374272358,-0.009378407743509044
0.0091,-0.0064,16.025244210211046,-0.00292004190400426,-0.007903214496513693
0.0092,-0.0064,16.01998546148232,-0.0021974238168148493,-0.006599084631835574
0.0093,-0.0064,16.01439413102198,-0.0016267986845310452,-0.005485015772810908
0.0094,-0.0064,16.008770119458084,-0.001179854407296887,-0.004523029866947541
0.0095,-0.0064,16.003249380730978,-0.0008262633234550018,-0.0036570186967717433
0.0096,-0.0064,15.997824798402302,-0.0005375517180457154,-0.002840434892829299
0.0097,-0.0064,15.992325004308295,-0.0003103685466095751,-0.0020542154358303938
0.0098,-0.0064,15.987553863461171,-0.00011309855939652363,-0.0012918282920982079
0.0099,-0.0064,15.982990229369914,-1.7951164448214298e-05,-0.0005738922994651749
0.01,-0.0064,0.0,0.0,0.0
0.0,-0.0063,0.0,0.0,0.0
0.0001,-0.0063,16.03721641249329,-4.106008686725386e-05,0.0013184962486095764
0.0002,-0.0063,16.033985955877906,-0.00012863820425609485,0.0026026132219746333
0.0003,-0.0063,16.030037378596262,-0.0002729138961144274,0.0037733078516159514
0.0004,-0.0063,16.026500937540856,-0.00047607684585103323,0.004776501361152606
0.0005,-0.0063,16.023234062157698,-0.0007309617144448191,0.005613856931813636
0.0006,-0.0063,16.02024806638863,-0.0010298623997142447,0.0063363062089712
0.0007,-0.0063,16.01747927385627,-0.0013651974775391903,0.0070125242222645375
0.0008,-0.0063,16.01489736205651,-0.0017323386895889033,0.007695112060331368
0.0009,-0.0063,16.01241978312182,-0.002129025551216541,0.008403038902364952
0.001,-0.0063,16.009925123550744,-0.0025548351352384525,0.009124873814220988
0.0011,-0.0063,16.007338859327145,-0.0030067784897427905,0.009834543379554736
0.0012,-0.0063,16.00448971045878,-0.0034849815021551402,0.010507892220063948
0.0013,-0.0063,16.001140751895658,-0.003984010372804775,0.011129469003948027
0.0014,-0.0063,15.997219085536752,-0.004494642558225087,0.01169124242008291
0.0015,-0.0063,15.992680845913162,-0.0050125725018689,0.012189611452968435
0.0016,-0.0063,15.987485931492603,-0.0055289910096659334,0.012619442426568605
0.0017,-0.0063,15.981649961890662,-0.006035662332917259,0.012970317174660958
0.0018,-0.0063,15.975264213858301,-0.006525787992432135,0.013228317740680073
0.0019,-0.0063,15.968511238618522,-0.006992874012293622,0.013379300205657543
0.002,-0.0063,15.961625898202781,-0.007429453028712178,0.013411145594818047
0.0021,-0.0063,15.954721458683348,-0.007832500471039656,0.013314215014684928
0.0022,-0.0063,15.948215627702709,-0.008203409580266918,0.013095913474689136
0.0023,-0.0063,15.94266218451151,-0.008545211791943313,0.012774335569328601
0.0024,-0.0063,15.937989118004372,-0.00886045474686288,0.01235955221662066
0.0025,-0.0063,15.934235094456174,-0.009158380150148577,0.01187292193927257
0.0026,-0.0063,15.931665696856369,-0.009454083939859786,0.011351104166153075
0.0027,-0.0063,15.930248247933331,-0.009761102748589701,0.010830454248044501
0.0028,-0.0063,15.929667662461151,-0.010094247494515273,0.010341769939806384
0.0029,-0.0063,15.929678617884727,-0.010467808119913078,0.009912094644417765
0.003,-0.0063,15.929948750265151,-0.010891956733871635,0.009561697008614584
0.0031,-0.0063,15.930013173612888,-0.011372379192771079,0.009298528809588756
0.0032,-0.0063,15.929501896548937,-0.01191032249558806,0.009119550798218343
0.0033,-0.0063,15.928046428811566,-0.012501660742084,0.009013622843847161
0.0034,-0.0063,15.92543976085353,-0.013138123210531785,0.00896256162472636
0.0035,-0.0063,15.921529085570702,-0.013805886363501885,0.008940999453433124
0.0036,-0.0063,15.916258623707995,-0.014488914684784282,0.008922657586440405
0.0037,-0.0063,15.909709989506196,-0.015169297187474616,0.008880177296968734
0.0038,-0.0063,15.902126026723364,-0.01582869029187148,0.008787788916037802
0.0039,-0.0063,15.893766327367162,-0.01645019017815445,0.008626060559590226
0.004,-0.0063,15.88495796218936,-0.017018985145086894,0.008380071180607409
0.0041,-0.0063,15.87620186886125,-0.01752338402333816,0.008041270781050967
0.0042,-0.0063,15.867704460319924,-0.017953333619274415,0.007606680177706023
0.0043,-0.0063,15.85972286819401,-0.01830611538880774,0.007079923986320896
0.0044,-0.0063,15.852807577633376,-0.01858123852445749,0.0064685477140142625
0.0045,-0.0063,15.846980562071236,-0.018779309128457815,0.005783230709912295
0.0046,-0.0063,15.84232964023917,-0.018908673058601465,0.005037806274851132
0.0047,-0.0063,15.839105777293561,-0.01897798858677708,0.0042478870524839275
0.0048,-0.0063,15.837280525358755,-0.018996642134669544,0.0034269934653498226
0.0049,-0.0063,15.83681176658076,-0.018977486602709023,0.002587329313446001
0.005,-0.0063,15.837674234101026,-0.018932165001607524,0.001741374349134258
0.0051,-0.0063,15.839732189338486,-0.01887215199397035,0.0008983218723989714
0.0052,-0.0063,15.842783108708478,-0.018808705521269613,6.393640576442001e-05
0.0053,-0.0063,15.846542848068498,-0.01875456388133668,-0.0007591752069487139
0.0054,-0.0063,15.851223659875695,-0.018717341669652648,-0.001568647635233828
0.0055,-0.0063,15.855841799472985,-0.018703717193242445,-0.002367709079670177
0.0056,-0.0063,15.861270405738276,-0.01871390015071409,-0.0031593821288241537
0.0057,-0.0063,15.866242119849616,-0.018751933775247618,-0.003944284902605515
0.0058,-0.0063,15.871562191528703,-0.018826271940120477,-0.004731033375167145
0.0059,-0.0063,15.87857832968914,-0.018935496727684343,-0.005524863524227885
0.006,-0.0063,15.887744402729135,-0.01904268305737279,-0.0063360347373125625
0.0061,-0.0063,15.893010099657646,-0.0191431322466403,-0.007168579827471402
0.0062,-0.0063,15.896452836864267,-0.019284552374324918,-0.00799356544757472
0.0063,-0.0063,15.90524482058314,-0.019417372901958895,-0.008811346133015338
0.0064,-0.0063,15.913587644567114,-0.01948313695059108,-0.00961860693277281
0.0065,-0.0063,15.920567542566632,-0.019504686490284293,-0.010411054809150956
0.0066,-0.0063,15.929157474362786,-0.01946556977336414,-0.011172901035800972
0.0067,-0.0063,15.93851758404997,-0.01932602602154009,-0.011871267502516682
0.0068,-0.0063,15.948584215888916,-0.01906820489066742,-0.012492985412356035
0.0069,-0.0063,15.959579857493276,-0.018665882030682895,-0.013003913412298502
0.007,-0.0063,15.970056645998204,-0.018107197279860092,-0.013380063076847018
0.0071,-0.0063,15.981189196713595,-0.017397646387066222,-0.013606088271945004
0.0072,-0.0063,15.992542291758689,-0.01653458134275456,-0.01366724651260371
0.0073,-0.0063,16.002739142134025,-0.015534096937686441,-0.013567531201407166
0.0074,-0.0063,16.01117720931628,-0.014439717964281883,-0.013327371467616903
0.0075,-0.0063,16.017891199103083,-0.013306289582513616,-0.012986578555672312
0.0076,-0.0063,16.02206361812137,-0.012192242090888284,-0.012609647425761834
0.0077,-0.0063,16.023497326716047,-0.011168495002327826,-0.012278949149336495
0.0078,-0.0063,16.022237942154632,-0.010301165460037684,-0.012082050142898808
0.0079,-0.0063,16.01929804617845,-0.009632533364321185,-0.012091472712871924
0.008,-0.0063,16.015698546791235,-0.009158746653075811,-0.012329759884290635
0.0081,-0.0063,16.01221203359228,-0.008837100787457992,-0.01274827260549561
0.0082,-0.0063,16.008584440955225,-0.008634877936749653,-0.013247720030628995
0.0083,-0.0063,16.00734206525603,-0.008520397767738747,-0.01380897605796042
0.0084,-0.0063,16.010161126426414,-0.00838132368189802,-0.01444130714889096
0.0085,-0.0063,16.01366866086749,-0.008125383179750053,-0.01484787341530408
0.0086,-0.0063,16.017659773987802,-0.0076985930910670195,-0.014804966188788946
0.0087,-0.0063,16.022026459423458,-0.007044823356686212,-0.014322129504042968
0.0088,-0.0063,16.026281533708445,-0.006187178886166588,-0.01338333056268405
0.0089,-0.0063,16.027766532467325,-0.005171813420105707,-0.011999792505561265
0.009,-0.0063,16.02532982644712,-0.004131966084187302,-0.010359946486224427
0.0091,-0.0063,16.0213105227754,-0.003192181831512456,-0.00874363282700305
0.0092,-0.0063,16.016041049400737,-0.002393158441740579,-0.00727889922578438
0.0093,-0.0063,16.010243105048893,-0.0017585435767336916,-0.006014851242562079
0.0094,-0.0063,16.00426572558294,-0.001264071470265192,-0.004935211740459872
0.0095,-0.0063,15.99837834237332,-0.0008796859754053862,-0.003983666246577423
0.0096,-0.0063,15.99258648414922,-0.0005782363065208712,-0.0031027850606170472
0.0097,-0.0063,15.98696886713528,-0.00033873006528366143,-0.002263412298837788
0.0098,-0.0063,15.981336700802517,-0.00016970276727643502,-0.0014483957256451105
0.0099,-0.0063,15.976439539862984,-4.781529752676139e-05,-0.0007015105630428617
0.01,-0.0063,0.0,0.0,0.0
0.0,-0.0062,0.0,0.0,0.0
0.0001,-0.0062,16.030541992761812,-4.1669010096431934e-05,0.001375268545535499
0.0002,-0.0062,16.0272955109079,-0.00012928398430252382,0.002717731090147954
0.0003,-0.0062,16.023323656828957,-0.00027264048898890795,0.003947622755536295
0.0004,-0.0062,16.019756245238227,-0.00047473075586621427,0.005006765554416844
0.0005,-0.0062,16.016448483648723,-0.0007292561934036117,0.005892812957294066
0.0006,-0.0062,16.013410840926333,-0.0010288359225686865,0.006655514224845484
0.0007,-0.0062,16.010577849171494,-0.0013654720167637778,0.00736532547258244
0.0008,-0.0062,16.007915376737618,-0.0017337266219207411,0.008077821071002767
0.0009,-0.0062,16.00533888972632,-0.002130603480162528,0.00881415790160256
0.001,-0.0062,16.002727255922565,-0.0025551963768528016,0.00956321752337234
0.0011,-0.0062,15.999978839286124,-0.0030044548974100965,0.01029855472872162
0.0012,-0.0062,15.996910432042332,-0.0034783580256437284,0.010994280146180115
0.0013,-0.0062,15.99331718295054,-0.003971178757263691,0.011632347166682098
0.0014,-0.0062,15.9891441366275,-0.004474703622117407,0.01220373115330252
0.0015,-0.0062,15.984348432913537,-0.004983963155795246,0.012704049714159048
0.0016,-0.0062,15.978901391856994,-0.005489638555958266,0.013127614508282093
0.0017,-0.0062,15.972849358788043,-0.005985135605060782,0.013464598315348887
0.0018,-0.0062,15.966315175459497,-0.006464075911594561,0.013702200146291046
0.0019,-0.0062,15.959486133845598,-0.006919718277939796,0.01382700715258277
0.002,-0.0062,15.952623110423975,-0.007345754790922129,0.01382745849761634
0.0021,-0.0062,15.945820996946601,-0.007740839373850515,0.013696785534575186
0.0022,-0.0062,15.939582484205951,-0.0081104510722794,0.013450332512266482
0.0023,-0.0062,15.934291748973132,-0.008456768012635969,0.013105237191974834
0.0024,-0.0062,15.92988551390049,-0.00878169815246597,0.012671343986516065
0.0025,-0.0062,15.926511477309084,-0.009097766569718238,0.01217756146346469
0.0026,-0.0062,15.924266011180283,-0.009420069681339016,0.011663688187697308
0.0027,-0.0062,15.922966596413938,-0.009761409821315464,0.011165651165886676
0.0028,-0.0062,15.922328221614404,-0.010135082119288293,0.010713102936803392
0.0029,-0.0062,15.922123038657114,-0.010552584634226531,0.010331379362059086
0.003,-0.0062,15.921861397001297,-0.011020335563007879,0.010035264724932278
0.0031,-0.0062,15.921095827825528,-0.011541516690074992,0.00982764706832515
0.0032,-0.0062,15.919545189217484,-0.01211402708712445,0.00970148863320808
0.0033,-0.0062,15.916921607748094,-0.012730059635964368,0.009640485083657759
0.0034,-0.0062,15.91297634888536,-0.013377884795014162,0.009621349873773128
0.0035,-0.0062,15.907680646711938,-0.014042096433305796,0.009616017564900105
0.0036,-0.0062,15.901067859418346,-0.014705898419966612,0.009595749346973909
0.0037,-0.0062,15.893315154079,-0.015350849535889558,0.009533126549572652
0.0038,-0.0062,15.884772318492471,-0.015959937756373513,0.009403645738670228
0.0039,-0.0062,15.875773191469674,-0.016516953873420098,0.009189232772206464
0.004,-0.0062,15.866671515816368,-0.01700889305976725,0.008877786161785915
0.0041,-0.0062,15.857907143146752,-0.01742698234750985,0.00846538648648577
0.0042,-0.0062,15.849776823898578,-0.017764339165823616,0.007951780134845913
0.0043,-0.0062,15.842527125390104,-0.018020757328423224,0.007344419516441599
0.0044,-0.0062,15.836556791025664,-0.018198854398870094,0.006655629966236752
0.0045,-0.0062,15.832009231762934,-0.018303268783864735,0.005899115104616344
0.0046,-0.0062,15.828980863985738,-0.01834297266943862,0.005091199986715806
0.0047,-0.0062,15.827472463256324,-0.01832836186093639,0.0042491005863639
0.0048,-0.0062,15.827428723529614,-0.018272267198064577,0.003387911414242515
0.0049,-0.0062,15.82891368890181,-0.018187402859783233,0.0025208737135927707
0.005,-0.0062,15.831734522424371,-0.018084885648533958,0.0016589343839371867
0.0051,-0.0062,15.83555127457732,-0.01797645263111823,0.0008112437480755428
0.0052,-0.0062,15.840184923633815,-0.017876046401290726,-1.707985742824031e-05
0.0053,-0.0062,15.845538215414145,-0.01779345265875213,-0.0008242312815262356
0.0054,-0.0062,15.85151137590979,-0.01773678673189132,-0.0016107370574994489
0.0055,-0.0062,15.857713587071528,-0.017712278845237725,-0.0023808022983320865
0.0056,-0.0062,15.864487864377416,-0.017713884235128513,-0.0031365673201652843
0.0057,-0.0062,15.869891600005648,-0.017752603700081238,-0.00388827213214322
0.0058,-0.0062,15.8756281712477,-0.017830996402878788,-0.004640139562948832
0.0059,-0.0062,15.880651111700988,-0.01794865732264519,-0.005397225046450255
0.006,-0.0062,15.886828754617609,-0.01810630793492926,-0.006177593963604636
0.0061,-0.0062,15.894025473484891,-0.01828185072182059,-0.006992080902064329
0.0062,-0.0062,15.897664716567768,-0.018485130869999505,-0.007825329501895212
0.0063,-0.0062,15.90370871755636,-0.01870531838556671,-0.008660895816295713
0.0064,-0.0062,15.911333324996956,-0.01889199854019414,-0.009504687700795357
0.0065,-0.0062,15.918014103248847,-0.019043541201852372,-0.010348101515648675
0.0066,-0.0062,15.924837719673187,-0.019140843969641094,-0.011174734252702215
0.0067,-0.0062,15.931177612192409,-0.019161845546145063,-0.01197756573089292
0.0068,-0.0062,15.939171716468392,-0.019091396770824373,-0.01272453563475681
0.0069,-0.0062,15.948439818598562,-0.018886036183639907,-0.013381200371076709
0.007,-0.0062,15.95802345898118,-0.018527479109593088,-0.013919179694423859
0.0071,-0.0062,15.968371748081335,-0.018002934024388705,-0.01430700708088361
0.0072,-0.0062,15.979046145723116,-0.01730483739754764,-0.014525982584442869
0.0073,-0.0062,15.989849706804765,-0.016444482722163496,-0.01456501449273062
0.0074,-0.0062,15.999679057989814,-0.015439631385504738,-0.01442444161916311
0.0075,-0.0062,16.00808914138447,-0.014333561060882152,-0.014129481114814465
0.0076,-0.0062,16.01444484060611,-0.013183310748593205,-0.01373125381064811
0.0077,-0.0062,16.018172691029136,-0.01205815081173945,-0.013302966266906406
0.0078,-0.0062,16.0191014849291,-0.011035020298042788,-0.01294310356226204
0.0079,-0.0062,16.01771090710983,-0.010177190920128297,-0.012748563131690142
0.008,-0.0062,16.014983047827197,-0.009519168836765369,-0.012790098908052258
0.0081,-0.0062,16.011246153363267,-0.009049903486275589,-0.01305937955834817
0.0082,-0.0062,16.007341634591853,-0.008726671305823986,-0.013479870615749966
0.0083,-0.0062,16.004603895211282,-0.008500944784267118,-0.013965731148730925
0.0084,-0.0062,16.004709796407017,-0.00833018628411698,-0.014531994924278382
0.0085,-0.0062,16.006565708047834,-0.008133239074338891,-0.015095844018212002
0.0086,-0.0062,16.009681338025135,-0.0077902022833789995,-0.015321489373182222
0.0087,-0.0062,16.01534418025374,-0.0072347146294386815,-0.015028144228230145
0.0088,-0.0062,16.02012334959195,-0.0064735846615720126,-0.014271603414483653
0.0089,-0.0062,16.02168535750084,-0.005519495787624562,-0.013030285775008638
0.009,-0.0062,16.020511294271238,-0.004475785806209035,-0.011388507064083586
0.0091,-0.0062,16.017035639093223,-0.0034795366613333345,-0.009654112336059475
0.0092,-0.0062,16.01195344782071,-0.0026082576650806786,-0.008031678875163427
0.0093,-0.0062,16.005981217279892,-0.0019061473533947802,-0.006604210300993669
0.0094,-0.0062,15.999681042792384,-0.001358934662940234,-0.005389031189463012
0.0095,-0.0062,15.993418465740987,-0.0009381247088030788,-0.004334733115219778
0.0096,-0.0062,15.98725382135114,-0.0006157510362643046,-0.0033764450805678697
0.0097,-0.0062,15.98135472073972,-0.000364576432726824,-0.0024663458973890494
0.0098,-0.0062,15.975302788094828,-0.00019869236053469348,-0.0015962182539980504
0.0099,-0.0062,15.971128211763341,-7.714859278389519e-05,-0.000775849366500412
0.01,-0.0062,0.0,0.0,0.0
0.0,-0.0061,0.0,0.0,0.0
0.0001,-0.0061,16.02343575403757,-4.2208217636158525e-05,0.0014324424946021367
0.0002,-0.0061,16.020179533343132,-0.00012967457328824886,0.002832182107708787
0.0003,-0.0061,16.0161908097419,-0.0002716978972407345,0.0041204419208150985
0.0004,-0.0061,16.012597188784987,-0.0004720286217244293,0.005235751433923913
0.0005,-0.0061,16.0092514154052,-0.0007253073505876383,0.0061714694957575355
0.0006,-0.0061,16.00616314680879,-0.0010245713560440275,0.006975359514647925
0.0007,-0.0061,16.00326456783357,-0.0013614735005628648,0.007719000911220085
0.0008,-0.0061,16.00051868960617,-0.001729734677837701,0.008460753923811555
0.0009,-0.0061,15.997837129348667,-0.0021257199662858294,0.009224349567554926
0.001,-0.0061,15.99510779366429,-0.002547611985638941,0.009999423739720546
0.0011,-0.0061,15.992221266383837,-0.002992934415783296,0.010758916166950534
0.0012,-0.0061,15.988944802944768,-0.003461393178339694,0.011475110236917233
0.0013,-0.0061,15.98510768945663,-0.003946632941597715,0.012128095839367786
0.0014,-0.0061,15.980705087831211,-0.004442149658883706,0.012707677992153556
0.0015,-0.0061,15.975676924023869,-0.0049419219746078755,0.01320837460958343
0.0016,-0.0061,15.970020135654162,-0.005437147667033439,0.01362460495624725
0.0017,-0.0061,15.96380595314713,-0.005922382662820896,0.013947598516113177
0.0018,-0.0061,15.957150460345613,-0.006390533166839137,0.014165123126765218
0.0019,-0.0061,15.950268463730543,-0.006835343627150361,0.014264148178588627
0.002,-0.0061,15.943352368571167,-0.007254480238901277,0.014235033318532715
0.0021,-0.0061,15.936735824134804,-0.007647177947626872,0.014078994026355752
0.0022,-0.0061,15.93091581718236,-0.008017937272436278,0.013812157187068937
0.0023,-0.0061,15.925884674507047,-0.008369542670911353,0.013446084985725502
0.0024,-0.0061,15.921660782807535,-0.008707691254201117,0.012998260120722124
0.0025,-0.0061,15.918562871275196,-0.009045891196782771,0.012505928545186127
0.0026,-0.0061,15.916507010282325,-0.009395991728745183,0.012007888323964927
0.0027,-0.0061,15.915183089024062,-0.00977052089049818,0.011537584550973402
0.0028,-0.0061,15.91436130005521,-0.010181217952032601,0.011124912498174636
0.0029,-0.0061,15.9137256334398,-0.010636369540774984,0.010791706121417947
0.003,-0.0061,15.912796406214552,-0.011139136365430046,0.010547080703640823
0.0031,-0.0061,15.911181470065978,-0.011689561344064287,0.010389116552584402
0.0032,-0.0061,15.90857772930615,-0.01228225190745566,0.010306297105444314
0.0033,-0.0061,15.90471687320751,-0.012907125321500602,0.01027794851112903
0.0034,-0.0061,15.899510147386085,-0.013550196222754902,0.010276273298437435
0.0035,-0.0061,15.892999810161587,-0.014195584911499267,0.010272038747485864
0.0036,-0.0061,15.885342742399596,-0.014825746795327922,0.01023449376706092
0.0037,-0.0061,15.876826813213897,-0.01542257590256628,0.010136603032600194
0.0038,-0.0061,15.867698808469656,-0.01597045895034025,0.00995669064883508
0.0039,-0.0061,15.858440543674526,-0.016455616585114425,0.009678092547221089
0.004,-0.0061,15.849496152598125,-0.016867507026214805,0.009292849285817443
0.0041,-0.0061,15.841170023056462,-0.01719995757149971,0.008800186850277015
0.0042,-0.0061,15.83386917633021,-0.01745028966606228,0.008204763499560038
0.0043,-0.0061,15.827876488051098,-0.01761992224678519,0.007517676597509711
0.0044,-0.0061,15.823361426430633,-0.017714487417587348,0.006754429422625468
0.0045,-0.0061,15.820592681720786,-0.017741996832516243,0.005931644846227416
0.0046,-0.0061,15.819592221960628,-0.01771115738901388,0.005067736213961338
0.0047,-0.0061,15.820153493565282,-0.017633979469535554,0.004181205762666737
0.0048,-0.0061,15.822227879552807,-0.017524984571345128,0.0032885920840901453
0.0049,-0.0061,15.825840212818864,-0.01739646590453877,0.0024035721404666484
0.005,-0.0061,15.830704160929088,-0.017259031223841783,0.0015360367685762404
0.0051,-0.0061,15.83639178537524,-0.017125159082101996,0.0006931499104119947
0.0052,-0.0061,15.842754096101343,-0.01700747883755357,-0.00012080809221986925
0.0053,-0.0061,15.849721527546677,-0.016913848177551583,-0.0009048411325066121
0.0054,-0.0061,15.856937713373394,-0.016850861310675796,-0.001661226652750403
0.0055,-0.0061,15.864234090902452,-0.0168237763005529,-0.002395550764608437
0.0056,-0.0061,15.871602416272994,-0.016831028076351447,-0.0031145117721698232
0.0057,-0.0061,15.87841122266244,-0.016878190661141376,-0.0038272553111530876
0.0058,-0.0061,15.88522890060408,-0.016958383527606726,-0.004536092987705365
0.0059,-0.0061,15.889485048806026,-0.01707607609358558,-0.005256024853113
0.006,-0.0061,15.893226727973975,-0.017247910818011216,-0.0059937708948604
0.0061,-0.0061,15.898226095155149,-0.017472056310347445,-0.006759550684395942
0.0062,-0.0061,15.905234928308692,-0.01772765501692429,-0.007582751777835397
0.0063,-0.0061,15.911434183546126,-0.01797589457610188,-0.008428613044118865
0.0064,-0.0061,15.915047967794296,-0.018230359031219962,-0.00928201777308545
0.0065,-0.0061,15.91979188530433,-0.018489050825533253,-0.01015994049983338
0.0066,-0.0061,15.924666959193294,-0.018705040099534123,-0.011049036710809056
0.0067,-0.0061,15.929738438046606,-0.018861289955238288,-0.011929387971292072
0.0068,-0.0061,15.935318559175633,-0.018933855964357104,-0.012777704102646904
0.0069,-0.0061,15.941873349028738,-0.018893680636989995,-0.01357018597300083
0.007,-0.0061,15.94944711452056,-0.01871934481034032,-0.014265640406314851
0.0071,-0.0061,15.95832575676302,-0.018385427108786725,-0.014826819067039422
0.0072,-0.0061,15.967876647878736,-0.01786935675518655,-0.01522166282159357
0.0073,-0.0061,15.977926146777904,-0.017172744974813622,-0.015427678524962194
0.0074,-0.0061,15.987972999796781,-0.016303680700381514,-0.01543346571811038
0.0075,-0.0061,15.997367340693177,-0.015284473134412183,-0.015243360661804234
0.0076,-0.0061,16.005450761630765,-0.014160726450137173,-0.014889819796914014
0.0077,-0.0061,16.01120255569943,-0.01299650237343992,-0.01443371261962536
0.0078,-0.0061,16.014349036008294,-0.011868210729912215,-0.013967265850613229
0.0079,-0.0061,16.01464331347569,-0.010853438380898982,-0.01359592752360286
0.008,-0.0061,16.012746908180773,-0.010014671916444486,-0.013428212835674695
0.0081,-0.0061,16.009363312092976,-0.009381023425545632,-0.013518658190294436
0.0082,-0.0061,16.005865329762347,-0.008923456586477687,-0.013830399307344945
0.0083,-0.0061,16.002305985213184,-0.008567008823475232,-0.014256483227849583
0.0084,-0.0061,15.997942625939292,-0.00832427174520961,-0.014701085046776799
0.0085,-0.0061,15.999997030947181,-0.008146397213806542,-0.015290021944133566
0.0086,-0.0061,16.004294340108025,-0.007836925491510122,-0.015743219738088093
0.0087,-0.0061,16.008191862678355,-0.007352414041722821,-0.01564040294902508
0.0088,-0.0061,16.011705850165175,-0.00669783629650199,-0.015080053619997535
0.0089,-0.0061,16.013680152551693,-0.005839264528968404,-0.01404004791766111
0.009,-0.0061,16.01506770881681,-0.0048134326246123856,-0.012460528109978759
0.0091,-0.0061,16.01239654704338,-0.0037692781194429994,-0.01063024107344387
0.0092,-0.0061,16.007688774554886,-0.00284159956612924,-0.00885480432327519
0.0093,-0.0061,16.00158093020036,-0.0020692015023056573,-0.007257829956292014
0.0094,-0.0061,15.995024869428047,-0.001465272507783084,-0.0058905653732593865
0.0095,-0.0061,15.988375371877122,-0.0010018615233197488,-0.004717642736911382
0.0096,-0.0061,15.981814309358729,-0.0006498576174280059,-0.003670564204307314
0.0097,-0.0061,15.975433305051336,-0.00038048373901982877,-0.00268723828283481
0.0098,-0.0061,15.969072769166518,-0.0001852497018311857,-0.0017453902245698882
0.0099,-0.0061,15.964123330517099,-6.297554713829013e-05,-0.0008381229053651916
0.01,-0.0061,0.0,0.0,0.0
0.0,-0.006,0.0,0.0,0.0
0.0001,-0.006,16.015900268404437,-4.264782979949644e-05,0.001489909098497074
0.0002,-0.006,16.01264021625701,-0.00012976252101200113,0.0029456784899981937
0.0003,-0.006,16.008641409905962,-0.00027005078781569645,0.004291210269219962
0.0004,-0.006,16.005026655855943,-0.00046795050319499773,0.005462650521203818
0.0005,-0.006,16.001646661754435,-0.0007190995433134503,0.006448862814132983
0.0006,-0.006,15.998510000990436,-0.001017054354821916,0.007294821852726039
0.0007,-0.006,15.995546888609857,-0.0013532227481420618,0.008072504833403382
0.0008,-0.006,15.992720653142813,-0.0017204321405868916,0.008842810013915708
0.0009,-0.006,15.989933428874345,-0.0021145469461162835,0.00963230655957445
0.001,-0.006,15.987080458242865,-0.0025320957085940487,0.010431974869814417
0.0011,-0.006,15.984047695418518,-0.002972610291000744,0.011213939343939567
0.0012,-0.006,15.980595009352882,-0.0034349536551589724,0.011948922175368741
0.0013,-0.006,15.976556469662803,-0.003911308876342627,0.0126156911514602
0.0014,-0.006,15.971928951623283,-0.0043978720794932155,0.013202473959491395
0.0015,-0.006,15.966699220978606,-0.004888040167407229,0.013702454174965937
0.0016,-0.006,15.960882480323363,-0.005373391679900539,0.014110896621137386
0.0017,-0.006,15.954522970657171,-0.0058484321690197745,0.014420192505251807
0.0018,-0.006,15.94777609384848,-0.006307092817789446,0.014618321033266764
0.0019,-0.006,15.940957987764694,-0.006742950025442166,0.014694223103374118
0.002,-0.006,15.93398616422162,-0.00715514947610949,0.01463662009644653
0.0021,-0.006,15.9274568952898,-0.007549712393668296,0.01445784547143701
0.0022,-0.006,15.921924334366908,-0.007926328163559586,0.014175845209952078
0.0023,-0.006,15.917111750345265,-0.008285619661094121,0.013795569758644223
0.0024,-0.006,15.913155311383735,-0.00863916745474746,0.013342769814048762
0.0025,-0.006,15.910258219889247,-0.008999855917130503,0.012859064565849133
0.0026,-0.006,15.908236418138058,-0.009377274798687055,0.012381861342494187
0.0027,-0.006,15.906788705724802,-0.00978226399548921,0.011943135508243809
0.0028,-0.006,15.905664696517524,-0.010224801659395159,0.011571485538748628
0.0029,-0.006,15.904484588330588,-0.010709917180185557,0.011284346021493832
0.003,-0.006,15.902797346269004,-0.01123801376437034,0.011085835172556157
0.0031,-0.006,15.90026831947422,-0.011806079918941507,0.01096991646777262
0.0032,-0.006,15.896617377009985,-0.012406013867973945,0.010920043670076712
0.0033,-0.006,15.891637974279927,-0.013026357517179798,0.010910756169994809
0.0034,-0.006,15.885427305993659,-0.013652309815155002,0.0109131547514671
0.0035,-0.006,15.877981823016539,-0.014266702367255794,0.010895366348637648
0.0036,-0.006,15.869570338028925,-0.014852833283098745,0.010827122919897396
0.0037,-0.006,15.860582633986423,-0.015394445442986534,0.010682683458001982
0.0038,-0.006,15.851285637930197,-0.01587731378576077,0.010441388061275732
0.0039,-0.006,15.8422070439236,-0.016290627793434636,0.010090923679347216
0.004,-0.006,15.833817737276377,-0.016627090336050622,0.009627427097511099
0.0041,-0.006,15.826394445487207,-0.016883482982945515,0.009053494697273269
0.0042,-0.006,15.820429752255066,-0.017059986829822453,0.008377545490037639
0.0043,-0.006,15.816096971733815,-0.017159294918539687,0.007614270367640666
0.0044,-0.006,15.813405465835057,-0.01718995320965742,0.006782313558842061
0.0045,-0.006,15.8126704753728,-0.01716230301341665,0.005901400811815791
0.0046,-0.006,15.813812520539585,-0.017085636764451437,0.0049910429040496175
0.0047,-0.006,15.816587035080362,-0.016973040912801295,0.0040699813174663885
0.0048,-0.006,15.820909921037167,-0.016838363368937355,0.0031551644124696195
0.0049,-0.006,15.826617542065426,-0.016693168792108158,0.0022605440140201745
0.005,-0.006,15.833444997830457,-0.01654876022790301,0.0013954368447850142
0.0051,-0.006,15.841086222685258,-0.016415860667326084,0.0005654197649055124
0.0052,-0.006,15.849254020648923,-0.016303761088682714,-0.00022693797121769999
0.0053,-0.006,15.857699251569617,-0.016219088763977395,-0.0009823200672440858
0.0054,-0.006,15.86613585270751,-0.01616736822028744,-0.0017047291456292436
0.0055,-0.006,15.87442276158496,-0.016152065613294936,-0.0024003934758765775
0.0056,-0.006,15.882532261470777,-0.016173825794852752,-0.0030780457269711393
0.0057,-0.006,15.889991771422626,-0.01623433181551631,-0.0037483349996654826
0.0058,-0.006,15.89702242144857,-0.016331596762965337,-0.004422157348063809
0.0059,-0.006,15.903152371116805,-0.01646583134158397,-0.005108385193443251
0.006,-0.006,15.908052175110274,-0.01662944553638604,-0.00580473533038349
0.0061,-0.006,15.909220457015067,-0.016852655031691935,-0.006529682424089687
0.0062,-0.006,15.915638377341562,-0.017136927596801684,-0.007305914736271493
0.0063,-0.006,15.92278779314503,-0.017397349762801058,-0.008134892156019301
0.0064,-0.006,15.923090694027673,-0.017672424116487995,-0.008998289008977312
0.0065,-0.006,15.924888416658021,-0.017988434142639526,-0.00989082097245456
0.0066,-0.006,15.928167525813912,-0.0182768759762641,-0.010816231012084244
0.0067,-0.006,15.93158988195396,-0.018523682739350514,-0.011759360085649968
0.0068,-0.006,15.935737735164066,-0.01870781128839573,-0.012698937417870964
0.0069,-0.006,15.9407529206327,-0.01879332316160875,-0.013602693527117722
0.007,-0.006,15.945590389749325,-0.018761073231219845,-0.01443743892338427
0.0071,-0.006,15.95195875716183,-0.01859284187681464,-0.015164562072463805
0.0072,-0.006,15.959555557044252,-0.01825389057787142,-0.015740719143329224
0.0073,-0.006,15.968261253598095,-0.017729145462241875,-0.016131232016496678
0.0074,-0.006,15.977613166834688,-0.01701490875710832,-0.016313449073007157
0.0075,-0.006,15.986813925348063,-0.01611950223284952,-0.0162744078109273
0.0076,-0.006,15.995526728761918,-0.015075344745159406,-0.01602323708427981
0.0077,-0.006,16.002900031170885,-0.013930882261492408,-0.015605282295420964
0.0078,-0.006,16.00797281464601,-0.012753505073391139,-0.015096942647685348
0.0079,-0.006,16.010318984425407,-0.011629709580683037,-0.014602468923461051
0.008,-0.006,16.01006443027115,-0.010635921601471917,-0.014246124418848215
0.0081,-0.006,16.007685751915023,-0.009829253880206522,-0.014133906843165614
0.0082,-0.006,16.004771695468946,-0.009222456104722186,-0.01429003022253987
0.0083,-0.006,16.001433519851517,-0.00875284292258963,-0.014639864633615381
0.0084,-0.006,15.996575791092578,-0.008403867637858933,-0.015024730860933432
0.0085,-0.006,15.995997502022462,-0.008154092853154426,-0.01549357525973192
0.0086,-0.006,15.99888210068359,-0.007878497886850987,-0.016031036732973916
0.0087,-0.006,16.001068983080046,-0.0074581339058016425,-0.016195415434467952
0.0088,-0.006,16.003548731968564,-0.006869282446850216,-0.015829704408040976
0.0089,-0.006,16.007937650393348,-0.006110746290266729,-0.014992958607176657
0.009,-0.006,16.01022254679654,-0.005117715273297637,-0.013534081393994079
0.0091,-0.006,16.007576781656176,-0.004055019033673786,-0.011649990622643904
0.0092,-0.006,16.003188479378625,-0.0030877786467182573,-0.009740827240283374
0.0093,-0.006,15.997045223047003,-0.00224638726886975,-0.007978204917852567
0.0094,-0.006,15.990285662893692,-0.001583318281841595,-0.006444648799547642
0.0095,-0.006,15.983253416126324,-0.001073243879638874,-0.005137164262939221
0.0096,-0.006,15.976266572988468,-0.0006898133788842499,-0.003988547429795472
0.0097,-0.006,15.969450588109982,-0.00040126792021676636,-0.0029268181755559165
0.0098,-0.006,15.962696907513557,-0.00019423355719155714,-0.0019096700834403124
0.0099,-0.006,15.9574479544689,-6.366936192343242e-05,-0.0009300858290482652
0.01,-0.006,0.0,0.0,0.0
0.0,-0.0059,0.0,0.0,0.0
0.0001,-0.0059,16.007940003322354,-4.296675172893904e-05,0.0015475412115710453
0.0002,-0.0059,16.00468202746529,-0.000129515764346238,0.0030579529694488494
0.0003,-0.0059,16.000680244541424,-0.0002676853340318715,0.004459416170073959
0.0004,-0.0059,15.997049965257437,-0.00046250867596091933,0.005686685438145894
0.0005,-0.0059,15.993640130160323,-0.0007106599164484837,0.006724040749066132
0.0006,-0.0059,15.990458181772448,-0.001006325735678239,0.007612896646999262
0.0007,-0.0059,15.987433123983198,-0.0013407785819714074,0.008424843738903393
0.0008,-0.0059,15.984530463159707,-0.001705967621245173,0.009223019005829242
0.0009,-0.0059,15.981643384093323,-0.0020972194239832665,0.010036868301488904
0.001,-0.0059,15.97867567749388,-0.0025094327749402142,0.010859414620306344
0.0011,-0.0059,15.9754871119707,-0.0029443396939801292,0.011662253170112723
0.0012,-0.0059,15.971867430250871,-0.003399262994972627,0.012415025405341581
0.0013,-0.0059,15.967678659333952,-0.0038661045850486514,0.013094751060321526
0.0014,-0.0059,15.962858122210841,-0.004343563373451667,0.013687459829004886
0.0015,-0.0059,15.957455797921204,-0.0048238708302993805,0.014186129324621044
0.0016,-0.0059,15.951505342267742,-0.005299216309052158,0.01458707600015508
0.0017,-0.0059,15.945023260926966,-0.005764400621090544,0.014883470868532835
0.0018,-0.0059,15.93821680267332,-0.006213901270394501,0.015064195146162546
0.0019,-0.0059,15.931319021562588,-0.006644820720032381,0.015116984242273639
0.002,-0.0059,15.924540961040774,-0.007054578019401993,0.015039209011049286
0.0021,-0.0059,15.918379004895316,-0.007450013694495254,0.014845344813069653
0.0022,-0.0059,15.912959505525935,-0.007832615671346538,0.01454732404513089
0.0023,-0.0059,15.908218053953163,-0.008202827612967551,0.014157189255068984
0.0024,-0.0059,15.9044417168246,-0.00857360669643793,0.013706669254143234
0.0025,-0.0059,15.901616769183137,-0.008955840554162379,0.013236846676260438
0.0026,-0.0059,15.899467920246328,-0.009358433776511172,0.01278325443317119
0.0027,-0.0059,15.897800528177294,-0.009790583644012758,0.012378241085447392
0.0028,-0.0059,15.896308949576058,-0.010259006495229553,0.012046747082310932
0.0029,-0.0059,15.894513979767908,-0.010765723017688768,0.011801095523299613
0.003,-0.0059,15.892025740288158,-0.011309135913760388,0.011641543385950153
0.0031,-0.0059,15.888567870395176,-0.011884144770402949,0.01155771281990307
0.0032,-0.0059,15.88394293061245,-0.012481023454402915,0.01152921892278203
0.0033,-0.0059,15.878067718155778,-0.01308614259046051,0.011527384339225025
0.0034,-0.0059,15.870996709616715,-0.013685086051226064,0.011521398938551228
0.0035,-0.0059,15.86288159531429,-0.014260862716561809,0.011478053128282387
0.0036,-0.0059,15.854060774166236,-0.014798163566911745,0.011368194679291909
0.0037,-0.0059,15.844892816534179,-0.015283035098188465,0.01116791591904367
0.0038,-0.0059,15.835799699684674,-0.015703892864234063,0.010859556998102518
0.0039,-0.0059,15.827382636690649,-0.016052811360324395,0.0104345570553144
0.004,-0.0059,15.81998931088039,-0.016324415613463227,0.009892053529644972
0.0041,-0.0059,15.813843221939528,-0.016518659337362546,0.009238660341082913
0.0042,-0.0059,15.809448115539281,-0.016638678052630057,0.008487392949657422
0.0043,-0.0059,15.806930065867684,-0.01668935905276818,0.007655498125654218
0.0044,-0.0059,15.806275487684392,-0.016680738516477236,0.006763562681105362
0.0045,-0.0059,15.807645214207277,-0.016624097463865433,0.005833953484338335
0.0046,-0.0059,15.810928781491926,-0.016530314275220254,0.0048875151898719535
0.0047,-0.0059,15.81594842196953,-0.016412115232010686,0.003943076961401559
0.0048,-0.0059,15.822483663023448,-0.016281610528769728,0.003017079721167035
0.0049,-0.0059,15.830264725020067,-0.016149837012270848,0.002122290647604669
0.005,-0.0059,15.838987351962425,-0.01602702406138383,0.0012671482220649628
0.0051,-0.0059,15.848368698362469,-0.015921999905280988,0.0004554051530625872
0.0052,-0.0059,15.858114194458636,-0.01584114948383937,-0.0003118879363296497
0.0053,-0.0059,15.86795815637419,-0.01578915824563724,-0.001037162968433979
0.0054,-0.0059,15.877615786047397,-0.015768620148732548,-0.0017259626481771033
0.0055,-0.0059,15.886726812567492,-0.01578189824764184,-0.0023860169343194663
0.0056,-0.0059,15.895357390225916,-0.01582914267825638,-0.0030262234975573727
0.0057,-0.0059,15.903042164426335,-0.01591238064748359,-0.0036576392442215504
0.0058,-0.0059,15.91017453105752,-0.01603102868920143,-0.004292282835773483
0.0059,-0.0059,15.916587123616122,-0.01618199632578717,-0.004942065784709606
0.006,-0.0059,15.922065287881114,-0.0163565286071286,-0.00561994435855583
0.0061,-0.0059,15.923729316940705,-0.016575594277217102,-0.006325884553822861
0.0062,-0.0059,15.92741869626027,-0.01685631196877406,-0.007047325373653596
0.0063,-0.0059,15.934914662443052,-0.017123078692358577,-0.007821877810537772
0.0064,-0.0059,15.935700035209866,-0.01737918287607814,-0.008665562750160354
0.0065,-0.0059,15.93480403907878,-0.01767881687372813,-0.00957873166703373
0.0066,-0.0059,15.936315511250712,-0.0179807529820624,-0.010538065571490667
0.0067,-0.0059,15.937359435717813,-0.018264006009961666,-0.011519971622224895
0.0068,-0.0059,15.939548810979218,-0.018509811970345583,-0.012523911359261087
0.0069,-0.0059,15.942360231550053,-0.018679732765646363,-0.013518297574187875
0.007,-0.0059,15.945601319119078,-0.01875508780878882,-0.014473376608321473
0.0071,-0.0059,15.949744867309247,-0.01870833421732454,-0.015345659096312757
0.0072,-0.0059,15.954737338392587,-0.018510549217480427,-0.016093913945652762
0.0073,-0.0059,15.960909263714857,-0.018141596219245923,-0.016672027732630018
0.0074,-0.0059,15.968811782268995,-0.017585322299279255,-0.01704603640782052
0.0075,-0.0059,15.977447119303193,-0.016831880114425816,-0.01718815128651744
0.0076,-0.0059,15.985762258198935,-0.0158965891772151,-0.017087647119434002
0.0077,-0.0059,15.993776027936052,-0.014817540706386748,-0.016767106661115416
0.0078,-0.0059,16.000206635944668,-0.013645931843153315,-0.01628146999102178
0.0079,-0.0059,16.004357043674236,-0.012460430690335028,-0.015722901644140225
0.008,-0.0059,16.005887104032023,-0.011349912212795198,-0.015218150687381598
0.0081,-0.0059,16.00515726900037,-0.010389117759267569,-0.014899910389380476
0.0082,-0.0059,16.002897951441398,-0.009618600667648025,-0.014864476722445834
0.0083,-0.0059,15.999308821163096,-0.009031828175199725,-0.015085601240909836
0.0084,-0.0059,15.995614119037999,-0.008568081001687867,-0.015423627580191316
0.0085,-0.0059,15.991254449918435,-0.008207995862323458,-0.015764508709363485
0.0086,-0.0059,15.9932322256608,-0.007921422343814778,-0.016277639159445845
0.0087,-0.0059,15.995774295191145,-0.007535331375304825,-0.016682253128419713
0.0088,-0.0059,15.99700631862056,-0.006989686509674695,-0.016484697288812765
0.0089,-0.0059,16.00276013662072,-0.006317449438938239,-0.015812705545605293
0.009,-0.0059,16.00425550014357,-0.005400858164297205,-0.014553948397526134
0.0091,-0.0059,16.00226938944565,-0.00434584283175124,-0.012697876475821811
0.0092,-0.0059,15.998391227698932,-0.003338124239218015,-0.010683091834925955
0.0093,-0.0059,15.992426286822065,-0.0024364595241461525,-0.008763900331839379
0.0094,-0.0059,15.985452837293542,-0.001712072040423036,-0.007054607270264843
0.0095,-0.0059,15.978070854751873,-0.0011534044118048578,-0.005597059008530919
0.0096,-0.0059,15.97063622273257,-0.0007348151034544798,-0.0043320741458908445
0.0097,-0.0059,15.963373351255632,-0.0004251608306886543,-0.0031801650362618793
0.0098,-0.0059,15.956166181401207,-0.00020535592255853808,-0.002081746374505717
0.0099,-0.0059,15.950563768182175,-6.714339234594958e-05,-0.0010182995928245029
0.01,-0.0059,0.0,0.0,0.0
0.0,-0.0058,0.0,0.0,0.0
0.0001,-0.0058,15.99956096075359,-4.314142406710507e-05,0.0016051853245135402
0.0002,-0.0058,15.996310968371233,-0.00012890396603715412,0.0031687105716007333
0.0003,-0.0058,15.992313209941996,-0.0002646105522592642,0.004624530998284511
0.0004,-0.0058,15.988673844238471,-0.00045575933893500525,0.0059070738166818884
0.0005,-0.0058,15.985239562653012,-0.0007000657068997266,0.006996049537761298
0.0006,-0.0058,15.98201667939028,-0.000992477705602268,0.007928586610396806
0.0007,-0.0058,15.978933210081344,-0.0013242125003563878,0.00877506419292608
0.0008,-0.0058,15.975955872549026,-0.0016865058992867278,0.009600504086283207
0.0009,-0.0058,15.972978327599767,-0.0020738170028471526,0.01043706297438989
0.001,-0.0058,15.969909717764367,-0.0024805301137914492,0.011280416229668608
0.0011,-0.0058,15.966582236043498,-0.002908612570783064,0.012102913452847412
0.0012,-0.0058,15.96276035295607,-0.0033546929601997117,0.012872513378290238
0.0013,-0.0058,15.958434304388184,-0.003812205951969405,0.013564480330890761
0.0014,-0.0058,15.953518045970347,-0.004280480099839477,0.01416271833595142
0.0015,-0.0058,15.947977229763923,-0.004750175513669867,0.014659898251720998
0.0016,-0.0058,15.941899629200146,-0.005215348605107271,0.015053637414574318
0.0017,-0.0058,15.935324582306594,-0.005671650501025412,0.015337592092729061
0.0018,-0.0058,15.92849712069786,-0.006112444391185868,0.015500822097972024
0.0019,-0.0058,15.921471133127085,-0.006539095008450425,0.015531372175933703
0.002,-0.0058,15.914760804813648,-0.006951379646617046,0.015439494599318683
0.0021,-0.0058,15.908925506446806,-0.007350405403942652,0.015238186835412452
0.0022,-0.0058,15.903642441951058,-0.007738000579488377,0.014928316052798629
0.0023,-0.0058,15.898997268440645,-0.008120248918486162,0.014532792822370265
0.0024,-0.0058,15.895361290461137,-0.008508638305551777,0.014090234343356468
0.0025,-0.0058,15.892503330269372,-0.008910635431456145,0.013637567401110924
0.0026,-0.0058,15.890186111253637,-0.00933523995957847,0.013209394260362446
0.0027,-0.0058,15.88822283350679,-0.009789663757432876,0.01283744392320645
0.0028,-0.0058,15.886249402726682,-0.010277377437488898,0.012542912274751695
0.0029,-0.0058,15.88377957051901,-0.010797871969924634,0.012332997029982782
0.003,-0.0058,15.880536489842372,-0.011348415584619902,0.01220450436929939
0.0031,-0.0058,15.876293861226877,-0.011921466570310955,0.012143476444816441
0.0032,-0.0058,15.870833928532605,-0.012505831695321677,0.012125113434306087
0.0033,-0.0058,15.864216061982539,-0.013088186479540753,0.012119743201864952
0.0034,-0.0058,15.856472975201392,-0.01365395933783298,0.012093880269640823
0.0035,-0.0058,15.847943402216961,-0.014188272471810457,0.012015376791193345
0.0036,-0.0058,15.83900988674337,-0.014677684307926498,0.011856969167652803
0.0037,-0.0058,15.830081969926475,-0.015109916411327466,0.011595823916296705
0.0038,-0.0058,15.821589876844955,-0.015475735893275389,0.011217807702364116
0.0039,-0.0058,15.814052419510425,-0.015770814397524313,0.010718862945596439
0.004,-0.0058,15.807879088241915,-0.015992560709795864,0.010101168616251878
0.0041,-0.0058,15.803261059109891,-0.016142879685672275,0.00937434073668361
0.0042,-0.0058,15.800560616234119,-0.0162277669021115,0.008555481758088665
0.0043,-0.0058,15.799933182538417,-0.016254620943048647,0.007664986845238742
0.0044,-0.0058,15.801399549835992,-0.016233672626153692,0.006725096512088552
0.0045,-0.0058,15.804887070475216,-0.01617653778372341,0.005759121358758385
0.0046,-0.0058,15.810268335105643,-0.016095312667033405,0.004788045371126761
0.0047,-0.0058,15.81737089965295,-0.01600145822912235,0.0038306882812449627
0.0048,-0.0058,15.825933372686922,-0.015905086322637454,0.0029026356493478873
0.0049,-0.0058,15.835537620233902,-0.015815278498037884,0.0020154678199706395
0.005,-0.0058,15.84576105210759,-0.01574169201075107,0.0011763497794108286
0.0051,-0.0058,15.856544683472864,-0.01569112093811369,0.0003876698510457148
0.0052,-0.0058,15.867584369268927,-0.015665833729955985,-0.00035205991169097515
0.0053,-0.0058,15.878450902516185,-0.015668116955663152,-0.0010469306440265835
0.0054,-0.0058,15.888904783827163,-0.015698973166998142,-0.0017040716287543578
0.0055,-0.0058,15.898630587436339,-0.015758297465663918,-0.0023322520452083418
0.0056,-0.0058,15.907499286548905,-0.015846400458053144,-0.0029410271761358374
0.0057,-0.0058,15.915343513998957,-0.01596366446443246,-0.003543005405347739
0.0058,-0.0058,15.922703371453233,-0.016107515061847426,-0.004147652687148818
0.0059,-0.0058,15.928961565874499,-0.016273015736990235,-0.004766856136302895
0.006,-0.0058,15.933760258364137,-0.016461803144111435,-0.005409771483833805
0.0061,-0.0058,15.937184382469143,-0.016675012840253252,-0.006091951447623986
0.0062,-0.0058,15.939099612281916,-0.016925795267934696,-0.0068112435348498925
0.0063,-0.0058,15.944644635776902,-0.017184352144736948,-0.007565150714346706
0.0064,-0.0058,15.947934519825314,-0.017424250869968863,-0.00838599204800315
0.0065,-0.0058,15.949386608921335,-0.01767347253943983,-0.009288127533772379
0.0066,-0.0058,15.948023051671605,-0.017925074225738084,-0.010246568630745167
0.0067,-0.0058,15.944844915696109,-0.018197018463766753,-0.011255773867630096
0.0068,-0.0058,15.945841646470878,-0.01845406223365782,-0.012305161194703906
0.0069,-0.0058,15.946303775029989,-0.0186485019930075,-0.013367205825088753
0.007,-0.0058,15.947656618087388,-0.01878181596317206,-0.014416612794743627
0.0071,-0.0058,15.949971340601914,-0.018817031693726442,-0.015413518662478544
0.0072,-0.0058,15.953229781766797,-0.018720444385724087,-0.016314877883108123
0.0073,-0.0058,15.956804738376992,-0.018469763097757157,-0.01707125645660875
0.0074,-0.0058,15.962121891596535,-0.01804848418693226,-0.01763534956591705
0.0075,-0.0058,15.969418344082346,-0.017434819610067463,-0.01797096330652341
0.0076,-0.0058,15.977142365691073,-0.016623010184906858,-0.01805187821771195
0.0077,-0.0058,15.984889928611201,-0.015633978645019468,-0.017875066828490542
0.0078,-0.0058,15.99198827778096,-0.01450979785392632,-0.01747490529458941
0.0079,-0.0058,15.997374482358605,-0.013310849457235409,-0.01691908655065409
0.008,-0.0058,16.000381169137736,-0.012121591711330794,-0.01632442721735264
0.0081,-0.0058,16.000765681250666,-0.011035249177787603,-0.015832427921037222
0.0082,-0.0058,15.999326760105157,-0.010117581594466487,-0.015590027587392525
0.0083,-0.0058,15.996584982129031,-0.009398261609593006,-0.01564883153703102
0.0084,-0.0058,15.994231055135504,-0.00882067430698016,-0.015911082185695695
0.0085,-0.0058,15.989629709286872,-0.008344323081388237,-0.016195316897694274
0.0086,-0.0058,15.988061309029368,-0.007973306661902907,-0.016566691104646515
0.0087,-0.0058,15.98965789758464,-0.007622230192428896,-0.017050633137562485
0.0088,-0.0058,15.990996654605155,-0.007104813892350766,-0.017080098893011347
0.0089,-0.0058,15.993570151677487,-0.006459766225879082,-0.016555362435858475
0.009,-0.0058,15.995656763418065,-0.005666122831342938,-0.015532342184704664
0.0091,-0.0058,15.996277654842933,-0.004632853157516866,-0.013783596355786257
0.0092,-0.0058,15.993223418497815,-0.0035816997974488242,-0.011678465338739466
0.0093,-0.0058,15.98772901320293,-0.0026390902826499583,-0.009609777089937774
0.0094,-0.0058,15.980514562300288,-0.0018507519310714052,-0.007722785368262054
0.0095,-0.0058,15.972854325077183,-0.0012427092555195828,-0.006100981158043384
0.0096,-0.0058,15.964967439431167,-0.0007852244907050202,-0.0047046831060089805
0.0097,-0.0058,15.957261888013575,-0.0004518783316423291,-0.0034511400997908302
0.0098,-0.0058,15.949578877841489,-0.00021827471829215334,-0.002265159491576248
0.0099,-0.0058,15.943614169293854,-7.176388907633492e-05,-0.0011140543267312729
0.01,-0.0058,0.0,0.0,0.0
0.0,-0.0057,0.0,0.0,0.0
0.0001,-0.0057,15.990771554230852,-4.318158687474747e-05,0.0016626872222074022
0.0002,-0.0057,15.987536108629557,-0.00012793747184360613,0.0032777666210353626
0.0003,-0.0057,15.983550211161715,-0.0002608527944005319,0.00478619674880364
0.0004,-0.0057,15.979907895590411,-0.00044776658067214854,0.006123150312532068
0.0005,-0.0057,15.97645532314108,-0.0006874182351124945,0.007263983928624487
0.0006,-0.0057,15.973196173217298,-0.0009756472982696534,0.00824089546590096
0.0007,-0.0057,15.970059232789087,-0.0013036552023873685,0.009122197255575377
0.0008,-0.0057,15.967007114140705,-0.001662292450418852,0.009974388215289192
0.0009,-0.0057,15.96394565963783,-0.0020445704041544043,0.010832354330640556
0.001,-0.0057,15.960780127391569,-0.002445670184282549,0.011694845365434636
0.0011,-0.0057,15.957323683174808,-0.002866174560978799,0.012535507124577612
0.0012,-0.0057,15.953358271089574,-0.0033026838135766018,0.01332043429655983
0.0013,-0.0057,15.948932993972141,-0.003750430830135436,0.014024379746997969
0.0014,-0.0057,15.943911118629893,-0.00420871853582749,0.01462840894920987
0.0015,-0.0057,15.938230916771737,-0.004667672944850354,0.015124610316690863
0.0016,-0.0057,15.932052472323212,-0.005123147611565276,0.015512118185069347
0.0017,-0.0057,15.925427446299233,-0.0055725044854201605,0.01578452718379929
0.0018,-0.0057,15.918691494156736,-0.00600739165750103,0.015933091595588908
0.0019,-0.0057,15.911748984739157,-0.006428479226942582,0.01594722183741883
0.002,-0.0057,15.905148248031882,-0.006842237619431912,0.015842664863015943
0.0021,-0.0057,15.899360693623496,-0.007247344593259911,0.01563259333908994
0.0022,-0.0057,15.894086030019904,-0.007641973261983825,0.015316389857508075
0.0023,-0.0057,15.889559187115331,-0.008036152828326804,0.014922367590298628
0.0024,-0.0057,15.885908430838658,-0.008440671787219512,0.01449113072691227
0.0025,-0.0057,15.882914741347241,-0.008860806517385229,0.014057790381752514
0.0026,-0.0057,15.880397141432613,-0.009303930099752106,0.01365613255776058
0.0027,-0.0057,15.87811353892548,-0.00977508683891833,0.013315487020679449
0.0028,-0.0057,15.875572260929362,-0.010275452213707598,0.013052678799562178
0.0029,-0.0057,15.87247596386329,-0.010803238919099074,0.012871801802047379
0.003,-0.0057,15.868548713384941,-0.011353173883923396,0.012766302898290584
0.0031,-0.0057,15.86354577241887,-0.011916973658594687,0.01271847347419068
0.0032,-0.0057,15.857409299066637,-0.0124825874679261,0.012700733438721239
0.0033,-0.0057,15.8501892685907,-0.013038009094848127,0.012682136205197734
0.0034,-0.0057,15.842087494494123,-0.013569206492731726,0.01262854225480407
0.0035,-0.0057,15.833516523068857,-0.014062989088252056,0.012508880014045713
0.0036,-0.0057,15.824731406391138,-0.01450772690205647,0.012297082992014007
0.0037,-0.0057,15.816249167850323,-0.01489436136618744,0.011973497532294935
0.0038,-0.0057,15.80861631926317,-0.01521621617073924,0.011527585802852233
0.0039,-0.0057,15.802167025349863,-0.015471390143978978,0.01095838388359261
0.004,-0.0057,15.797303088751947,-0.015660865111888342,0.010272175331764668
0.0041,-0.0057,15.79430541085835,-0.01578835342668318,0.009481794320976553
0.0042,-0.0057,15.793404140941682,-0.015861778399362203,0.008606722018583252
0.0043,-0.0057,15.794688393605767,-0.01589015969479736,0.0076693208502914036
0.0044,-0.0057,15.798175788245018,-0.01588328045651545,0.006693520990576736
0.0045,-0.0057,15.803544130971213,-0.015852840883428324,0.0057033953328392666
0.0046,-0.0057,15.81072609035502,-0.015811946252310263,0.004720186703175573
0.0047,-0.0057,15.819620971819079,-0.015769896120679843,0.003761525675624074
0.0048,-0.0057,15.829773547874256,-0.015734659975216923,0.002841318931165447
0.0049,-0.0057,15.840771738107042,-0.01571421037397584,0.0019691807989126
0.005,-0.0057,15.85222481434156,-0.01571561764792922,0.0011505820396704321
0.0051,-0.0057,15.86407153639965,-0.01574254518953197,0.00038663253336655907
0.0052,-0.0057,15.87596639880406,-0.015794353826345885,-0.0003257769974261454
0.0053,-0.0057,15.887441320389529,-0.01587113807423666,-0.000992967705390146
0.0054,-0.0057,15.898309796085313,-0.015971892230962157,-0.0016230182700782473
0.0055,-0.0057,15.908381612678745,-0.016094498904396577,-0.0022258486964571583
0.0056,-0.0057,15.917540502460074,-0.01623718268359257,-0.0028121865909453677
0.0057,-0.0057,15.925685272749465,-0.016397881846986696,-0.003393080104634652
0.0058,-0.0057,15.932783858256034,-0.01657270958182671,-0.003979308472993143
0.0059,-0.0057,15.938809601326588,-0.0167592704236508,-0.004582919855226677
0.006,-0.0057,15.943843012026154,-0.016958810357485726,-0.005213270508691473
0.0061,-0.0057,15.948909523877369,-0.01716115074163081,-0.005876265885233265
0.0062,-0.0057,15.951223751457707,-0.017364442042002153,-0.006576396135116126
0.0063,-0.0057,15.952144855010388,-0.017573586340405258,-0.007333687971912241
0.0064,-0.0057,15.95345496932414,-0.01779493613875996,-0.00816613228153345
0.0065,-0.0057,15.957211543085265,-0.018013748573159516,-0.009047283039042016
0.0066,-0.0057,15.957265782226552,-0.018202515951490163,-0.009993217327017112
0.0067,-0.0057,15.953396690289669,-0.018409014890723017,-0.011017750186799711
0.0068,-0.0057,15.952604158588661,-0.018621051656879654,-0.012095196349114361
0.0069,-0.0057,15.951715133173975,-0.018793511096290287,-0.013204657941357043
0.007,-0.0057,15.951155308165182,-0.01892686321040227,-0.0143197658304456
0.0071,-0.0057,15.9514054517887,-0.018992290271384046,-0.015414121467457053
0.0072,-0.0057,15.953022037047743,-0.018955456415736097,-0.016443627066011275
0.0073,-0.0057,15.95528066644638,-0.01878636520183686,-0.017357602012605628
0.0074,-0.0057,15.95831493275932,-0.01846188831462331,-0.018100542856388967
0.0075,-0.0057,15.963256632848179,-0.017959688196857563,-0.01862736676268183
0.0076,-0.0057,15.969769813646034,-0.017265530508966582,-0.018902002440206477
0.0077,-0.0057,15.976667676317156,-0.016379283829817595,-0.018899639806762857
0.0078,-0.0057,15.983744537143464,-0.015325727909435139,-0.018629998287530633
0.0079,-0.0057,15.990088151197764,-0.014151953304961874,-0.01813851639619359
0.008,-0.0057,15.99432139521168,-0.01292913410589819,-0.01751787376142269
0.0081,-0.0057,15.996109064406536,-0.011750822618813456,-0.016907184364932097
0.0082,-0.0057,15.995825652239905,-0.01070170085325775,-0.016470537570195013
0.0083,-0.0057,15.994401445251576,-0.009832617017799198,-0.016336025044004193
0.0084,-0.0057,15.991614055093391,-0.009135282482305818,-0.016471387652363736
0.0085,-0.0057,15.987578083239564,-0.0085557616370098,-0.016724929894064954
0.0086,-0.0057,15.982313044381819,-0.008095269842299593,-0.01694690117848541
0.0087,-0.0057,15.98467230482341,-0.0077174742029548675,-0.01739037924502418
0.0088,-0.0057,15.988024271842843,-0.007212360473912294,-0.017662222177340998
0.0089,-0.0057,15.985085906119492,-0.006577362036836641,-0.01729158124070963
0.009,-0.0057,15.988826891560795,-0.0058765736572372,-0.016468045687527275
0.0091,-0.0057,15.99123606067913,-0.004890519755553241,-0.014876848216050466
0.0092,-0.0057,15.987911667178288,-0.003811438440356937,-0.01270852771350027
0.0093,-0.0057,15.982914171563966,-0.002849431313287385,-0.010507227076906479
0.0094,-0.0057,15.975490219718338,-0.0019984626628709442,-0.008450097559346158
0.0095,-0.0057,15.967610957274747,-0.00134001069921511,-0.006651660548126022
0.0096,-0.0057,15.959283548012712,-0.000840929407719257,-0.005109352171158588
0.0097,-0.0057,15.951113940530371,-0.00048081180458431745,-0.0037409175456848015
0.0098,-0.0057,15.942932370215372,-0.00023157542228777496,-0.002459085216380016
0.0099,-0.0057,15.936569624331948,-7.617334622849977e-05,-0.0012142480742705903
0.01,-0.0057,0.0,0.0,0.0
0.0,-0.0056,0.0,0.0,0.0
0.0001,-0.0056,15.981582253670071,-4.306143754484452e-05,0.0017199027345703296
0.0002,-0.0056,15.97836554261279,-0.0001265657506418415,0.0033847352549832904
0.0003,-0.0056,15.974397426655056,-0.0002564680856650914,0.004943779514217669
0.0004,-0.0056,15.970760732368053,-0.0004386879001817827,0.006334114951602085
0.0005,-0.0056,15.967297862340734,-0.000672908862503169,0.007526927789557592
0.0006,-0.0056,15.9640092608647,-0.0009560611064310197,0.008548858937995759
0.0007,-0.0056,15.960826467805946,-0.0012793835815439964,0.00946533542077082
0.0008,-0.0056,15.957703530514781,-0.0016337499882463813,0.010343819958473385
0.0009,-0.0056,15.954566297654107,-0.002009786681461234,0.011222517945184328
0.001,-0.0056,15.951315256211194,-0.002405027607431554,0.012102506651138493
0.0011,-0.0056,15.947739475154101,-0.002817755781857189,0.012959309977657537
0.0012,-0.0056,15.943683128565796,-0.003243843963090192,0.013758671291136053
0.0013,-0.0056,15.939139097207091,-0.0036814335481092737,0.01447401689883064
0.0014,-0.0056,15.933996510886358,-0.004128866251218103,0.01508295498459369
0.0015,-0.0056,15.928187003024053,-0.004577297173266553,0.015578441493131026
0.0016,-0.0056,15.921920833843513,-0.0050239074938160265,0.015962034712380918
0.0017,-0.0056,15.915295011586421,-0.005465872150322651,0.016225765039931256
0.0018,-0.0056,15.908456049525046,-0.005897688865540843,0.01636110502207333
0.0019,-0.0056,15.901673097917486,-0.00631754672158568,0.016367715349330465
0.002,-0.0056,15.895446542812971,-0.006731041872540376,0.016258862023548166
0.0021,-0.0056,15.889666267300171,-0.0071388541537072015,0.016038012042856327
0.0022,-0.0056,15.884285152490808,-0.007541527828913668,0.015715789631772656
0.0023,-0.0056,15.879844813528456,-0.007948931714429211,0.015327743270906717
0.0024,-0.0056,15.876103495438958,-0.008366861591914864,0.014909257376081612
0.0025,-0.0056,15.872893064018974,-0.008802553411858606,0.014494691010587441
0.0026,-0.0056,15.870116215878063,-0.00926059432457033,0.014118645822966252
0.0027,-0.0056,15.867450381306945,-0.009743881138592685,0.01380640399864134
0.0028,-0.0056,15.864396967961671,-0.01025096585859417,0.013569982278704837
0.0029,-0.0056,15.860709280029049,-0.010779661788836421,0.013411377748822312
0.003,-0.0056,15.856160013991053,-0.011323178602245668,0.013320961399520407
0.0031,-0.0056,15.850508021945178,-0.011872413351994626,0.0132771293338429
0.0032,-0.0056,15.843876043889084,-0.012416635681083183,0.013252185206574767
0.0033,-0.0056,15.836288924213495,-0.012943416601330936,0.013212746261418457
0.0034,-0.0056,15.828045800493568,-0.013440706033230063,0.013125634926038627
0.0035,-0.0056,15.819572620287282,-0.013897560282514055,0.012961721106544408
0.0036,-0.0056,15.81117645834878,-0.014304196814310263,0.012695657654692074
0.0037,-0.0056,15.803355509829887,-0.014654766418856494,0.012311418134971509
0.0038,-0.0056,15.79669174837648,-0.014946069987881817,0.011802876124677054
0.0039,-0.0056,15.79148561330359,-0.015177989554464439,0.011171203764538786
0.004,-0.0056,15.78803939516064,-0.01535383114217146,0.010425428971117603
0.0041,-0.0056,15.786648435518497,-0.015479238062114485,0.009582243847005092
0.0042,-0.0056,15.787389717674634,-0.015563528229412472,0.008663646525758614
0.0043,-0.0056,15.790387130213762,-0.01561709540031904,0.007693352525492222
0.0044,-0.0056,15.795598821160782,-0.0156491674858104,0.006695755098947919
0.0045,-0.0056,15.802606418545167,-0.015671093149340867,0.005694332843671891
0.0046,-0.0056,15.811333429083057,-0.015694921370425538,0.004710323898138229
0.0047,-0.0056,15.821596458763103,-0.015727987256867342,0.0037605012086681733
0.0048,-0.0056,15.83287850436013,-0.015776964621295568,0.002856649164377922
0.0049,-0.0056,15.844853170593185,-0.015848134050942438,0.002006465914749059
0.005,-0.0056,15.85718578777296,-0.015944718323078172,0.0012123301251393483
0.0051,-0.0056,15.869575821918588,-0.016067471782431602,0.0004739594878857274
0.0052,-0.0056,15.881720949820432,-0.01621437298242222,-0.0002134570405422872
0.0053,-0.0056,15.893355762524596,-0.016383077187994255,-0.0008575678061880594
0.0054,-0.0056,15.904279399644379,-0.016569381501640317,-0.0014678771539098562
0.0055,-0.0056,15.914324866944355,-0.01676900212725194,-0.00205483340838532
0.0056,-0.0056,15.92337031410665,-0.016978632673707604,-0.0026289633431905435
0.0057,-0.0056,15.931377508832686,-0.017192898108320188,-0.003201802229507908
0.0058,-0.0056,15.938231575985832,-0.017406844397001242,-0.003783639583038654
0.0059,-0.0056,15.943967102565852,-0.017616569629135874,-0.004384281259850438
0.006,-0.0056,15.948451290178442,-0.017823898551576667,-0.005013900665725251
0.0061,-0.0056,15.95354966553501,-0.018020849355999267,-0.00568037199604755
0.0062,-0.0056,15.957473115410206,-0.018194625861397643,-0.006394534043620802
0.0063,-0.0056,15.958449282421801,-0.018351389647469563,-0.007159770080713017
0.0064,-0.0056,15.95764194746232,-0.018509568945325305,-0.007973298074616603
0.0065,-0.0056,15.957867999004879,-0.018672744444165577,-0.008855403263940402
0.0066,-0.0056,15.959290277848819,-0.018815345384447024,-0.00982136033839786
0.0067,-0.0056,15.958640217275091,-0.018945208490628706,-0.010850238406796105
0.0068,-0.0056,15.957949103550105,-0.0190714242935929,-0.011934451487121914
0.0069,-0.0056,15.956124360351044,-0.01917705015508612,-0.013069008190757653
0.007,-0.0056,15.953950589319216,-0.019264503260830512,-0.014232915719821647
0.0071,-0.0056,15.953214944575643,-0.019308570279382653,-0.015399134984716546
0.0072,-0.0056,15.953178514512581,-0.01927552054154382,-0.016527204366247224
0.0073,-0.0056,15.954015932114384,-0.019142844728834662,-0.017571554313779485
0.0074,-0.0056,15.955735256289222,-0.01888051609912608,-0.018475561656927778
0.0075,-0.0056,15.95874155255195,-0.018456729645124674,-0.01918122973151293
0.0076,-0.0056,15.963436772335314,-0.01785348619351235,-0.0196447312394808
0.0077,-0.0056,15.969426609676745,-0.017063883886178275,-0.019831828742182325
0.0078,-0.0056,15.975885226660802,-0.01608931289837496,-0.019723321416334275
0.0079,-0.0056,15.982066985665453,-0.014963393126232422,-0.019341156069410375
0.008,-0.0056,15.986983342235654,-0.0137441894451502,-0.018755162472816965
0.0081,-0.0056,15.990199340250806,-0.01250883493527032,-0.018082950845193332
0.0082,-0.0056,15.991050550500582,-0.011351480765480851,-0.01749140037830995
0.0083,-0.0056,15.990233028303084,-0.010347071902608293,-0.01715016871402688
0.0084,-0.0056,15.987907288659228,-0.009528114544896583,-0.017132332534512767
0.0085,-0.0056,15.985601070763574,-0.008846422692220085,-0.01733183148303923
0.0086,-0.0056,15.98035421892086,-0.008270818911397537,-0.01750011036261196
0.0087,-0.0056,15.979230428479093,-0.0077886661882915235,-0.017757126592220104
0.0088,-0.0056,15.981725243209821,-0.007349672781842783,-0.018127975072863744
0.0089,-0.0056,15.979616285509106,-0.006721206810543473,-0.017991513152316653
0.009,-0.0056,15.984569484784124,-0.006019882135277562,-0.01729532914553359
0.0091,-0.0056,15.987119508463445,-0.0051270685753321416,-0.01590238185093475
0.0092,-0.0056,15.982555164997462,-0.004042304856309407,-0.013753923988695706
0.0093,-0.0056,15.977893924175405,-0.003059522000402526,-0.01144876538941346
0.0094,-0.0056,15.970464386691164,-0.0021549786444132217,-0.009234763753888355
0.0095,-0.0056,15.962340703004303,-0.0014433949740382858,-0.007251167861463155
0.0096,-0.0056,15.953619363024789,-0.000902512977879729,-0.005549166091388626
0.0097,-0.0056,15.944960225995503,-0.0005121928099822196,-0.004052475707672932
0.0098,-0.0056,15.93626791127865,-0.0002458162832565696,-0.00266542107109992
0.0099,-0.0056,15.929489692572771,-8.063013015870348e-05,-0.001320529505386961
0.01,-0.0056,0.0,0.0,0.0
0.0,-0.0055,0.0,0.0,0.0
0.0001,-0.0055,15.97200368507013,-4.2957951925856705e-05,0.0017766665156831439
0.0002,-0.0055,15.968817119458643,-0.00012498585350757184,0.0034898717437225617
0.0003,-0.0055,15.964876465024929,-0.0002515001456426214,0.005097516273447644
0.0004,-0.0055,15.961250412951339,-0.00042853000379912117,0.006539636295328593
0.0005,-0.0055,15.957781330852047,-0.0006566549650878972,0.007784092631125247
0.0006,-0.0055,15.95446936547673,-0.0009339234377414989,0.008851530556603447
0.0007,-0.0055,15.95124824996724,-0.0012517482797662909,0.009803670857182277
0.0008,-0.0055,15.948067223927673,-0.0016010432388939748,0.010707973540073721
0.0009,-0.0055,15.944868137831897,-0.0019704390104652515,0.011606238865915167
0.001,-0.0055,15.941536684938049,-0.002359114647026887,0.012502467249034598
0.0011,-0.0055,15.937842139826065,-0.002763407484886586,0.013373952532091598
0.0012,-0.0055,15.93369469773583,-0.0031787242482915184,0.014186784383338863
0.0013,-0.0055,15.929061810200446,-0.0036064235082174335,0.014912593944802674
0.0014,-0.0055,15.923882476632029,-0.004042426016595845,0.015526200808490306
0.0015,-0.0055,15.917995514541506,-0.0044801802480749124,0.016021594995405862
0.0016,-0.0055,15.911636002206931,-0.004918838391842907,0.01640244126229677
0.0017,-0.0055,15.905026334831211,-0.005352091917954212,0.016659727158982524
0.0018,-0.0055,15.897992985920855,-0.005779455186492,0.016782502068338808
0.0019,-0.0055,15.891166641853342,-0.006201659416338871,0.016782920668941798
0.002,-0.0055,15.885090500871165,-0.006617618030004277,0.016672151673809893
0.0021,-0.0055,15.879392412229892,-0.007028304083363913,0.016445388251363918
0.0022,-0.0055,15.874119631915267,-0.007437458858996623,0.016123324662557066
0.0023,-0.0055,15.869667624794479,-0.007856525280845333,0.01574393288035457
0.0024,-0.0055,15.865826253691539,-0.008286426635501786,0.015340239324169253
0.0025,-0.0055,15.86247708047692,-0.008734198721917838,0.014945446189351933
0.0026,-0.0055,15.859470065054355,-0.00920289918419196,0.014593187937289243
0.0027,-0.0055,15.856332671988866,-0.009692845490319062,0.01430447716652394
0.0028,-0.0055,15.852772329219697,-0.010202163304717128,0.0140889650963937
0.0029,-0.0055,15.848541137695678,-0.010726825128271264,0.013946140022399182
0.003,-0.0055,15.843422944060624,-0.011260190673622288,0.013863357218294226
0.0031,-0.0055,15.837358901179211,-0.011792234485863801,0.013816940215299209
0.0032,-0.0055,15.830352191737596,-0.012313424825756767,0.01377800402790895
0.0033,-0.0055,15.82259051391592,-0.012812162607254566,0.013712683845997498
0.0034,-0.0055,15.814440428644156,-0.013278536269909417,0.01358922929933701
0.0035,-0.0055,15.806179067712279,-0.01370375828172693,0.013379703373868755
0.0036,-0.0055,15.798285700337885,-0.014081371415073709,0.013061733812307115
0.0037,-0.0055,15.791329276312828,-0.014407733123860707,0.012622169196555216
0.0038,-0.0055,15.785681276912905,-0.014681883059457314,0.012057737388999975
0.0039,-0.0055,15.781623296049446,-0.014906730732816374,0.011373088607961985
0.004,-0.0055,15.779552735977948,-0.015087302283011115,0.010579912076414757
0.0041,-0.0055,15.779658710539943,-0.015230539603358805,0.00969738401839049
0.0042,-0.0055,15.78190574425317,-0.015346511849972745,0.008748885153196568
0.0043,-0.0055,15.786384596341481,-0.015445853558458832,0.007759521375797314
0.0044,-0.0055,15.792959238878623,-0.015537896289112084,0.006753961318216361
0.0045,-0.0055,15.801314675050197,-0.01563298300032496,0.005754528665663172
0.0046,-0.0055,15.811200574146756,-0.015740547449287146,0.004780964337442397
0.0047,-0.0055,15.822286692731874,-0.015867121879665484,0.0038488125221212473
0.0048,-0.0055,15.834213105526606,-0.016017860779568967,0.0029679982402659173
0.0049,-0.0055,15.846628166233021,-0.016195917410124692,0.0021439242316594487
0.005,-0.0055,15.859173667464127,-0.016401797084212473,0.0013770674379009504
0.0051,-0.0055,15.871530035904332,-0.01663409089311738,0.0006644909201412737
0.0052,-0.0055,15.883446053096817,-0.016888750459404564,-4.798852045453592e-07
0.0053,-0.0055,15.894715852979722,-0.017160593341587545,-0.0006267313355292558
0.0054,-0.0055,15.905164292185113,-0.017443377068111485,-0.0012246954711643515
0.0055,-0.0055,15.91467232993157,-0.017730520204879155,-0.0018053058137434803
0.0056,-0.0055,15.923139449088328,-0.018015856505864077,-0.002379662035064531
0.0057,-0.0055,15.930569504744525,-0.018292843167141977,-0.0029585172391638852
0.0058,-0.0055,15.936954999589023,-0.018554116723233077,-0.003551881997803698
0.0059,-0.0055,15.942382073598317,-0.01879423658070241,-0.004168104682627539
0.006,-0.0055,15.946721082711168,-0.019009787030892233,-0.0048146601359262
0.0061,-0.0055,15.950264878130383,-0.01919770914473551,-0.005498918071513646
0.0062,-0.0055,15.953225551185504,-0.019359723578341176,-0.00623311092020257
0.0063,-0.0055,15.957222185367295,-0.019481163843632805,-0.007023560474492931
0.0064,-0.0055,15.956736760182693,-0.019568754779502182,-0.007864990523922425
0.0065,-0.0055,15.955453727967996,-0.01966306092746995,-0.008757944817862875
0.0066,-0.0055,15.957492326984887,-0.019735349470012317,-0.009721455111585517
0.0067,-0.0055,15.957376211930763,-0.019779115832553252,-0.010759250815607548
0.0068,-0.0055,15.957718316159275,-0.01981626836582905,-0.011854200168409008
0.0069,-0.0055,15.95674006535721,-0.01983115517347918,-0.01300417350946087
0.007,-0.0055,15.954469323045297,-0.019834226065311017,-0.014198577522335016
0.0071,-0.0055,15.95324864788843,-0.01981305232264431,-0.015414819293743868
0.0072,-0.0055,15.952520724655018,-0.01973848902061734,-0.016616849357043884
0.0073,-0.0055,15.952270268680222,-0.019592853151530285,-0.0177614255881293
0.0074,-0.0055,15.95300053747097,-0.019348050521767024,-0.01879885236875009
0.0075,-0.0055,15.9547773359407,-0.01896894765743434,-0.0196658978777089
0.0076,-0.0055,15.957857250649132,-0.01842745927915486,-0.02030611883896036
0.0077,-0.0055,15.962624516194532,-0.01770986938091486,-0.0206781491226175
0.0078,-0.0055,15.968007722250583,-0.016811535941908623,-0.02074827080755942
0.0079,-0.0055,15.973981657632985,-0.01574579077089436,-0.02051194870891282
0.008,-0.0055,15.979494891581755,-0.014548888838776669,-0.02001350677484226
0.0081,-0.0055,15.983370737909734,-0.013288983892892103,-0.0193376460276099
0.0082,-0.0055,15.985758216027728,-0.012052335046081494,-0.018640900223369977
0.0083,-0.0055,15.986054034351405,-0.010930043706049506,-0.018113656261006847
0.0084,-0.0055,15.985263686515351,-0.00997850042026608,-0.01790863489248954
0.0085,-0.0055,15.982416086710046,-0.009188334809451847,-0.017992605354335573
0.0086,-0.0055,15.977874489549482,-0.008510860463894035,-0.01816194878426031
0.0087,-0.0055,15.971845037058678,-0.007946307047650028,-0.018227715228387658
0.0088,-0.0055,15.976040913541848,-0.007501496479243235,-0.018591661727995683
0.0089,-0.0055,15.980081848573029,-0.006828926081280226,-0.01865185905418285
0.009,-0.0055,15.978174938157373,-0.006115363892474517,-0.01800336273402422
0.0091,-0.0055,15.97903553788098,-0.005351956204753372,-0.01684753731400897
0.0092,-0.0055,15.976461510049896,-0.004294938338485403,-0.014829772692361791
0.0093,-0.0055,15.972449133629292,-0.0032600608274819943,-0.0124359713281556
0.0094,-0.0055,15.965528022483774,-0.0023206815988455406,-0.01007179927483583
0.0095,-0.0055,15.957044243597398,-0.0015513582077214757,-0.007900805998485196
0.0096,-0.0055,15.948001825253062,-0.0009701564372555905,-0.006026317019647995
0.0097,-0.0055,15.938828629103405,-0.0005462699445725539,-0.004388126976765846
0.0098,-0.0055,15.929614082563052,-0.00026122017795682457,-0.002885108531588405
0.0099,-0.0055,15.9224034277468,-8.52719170834324e-05,-0.001432792358855939
0.01,-0.0055,0.0,0.0,0.0
0.0,-0.0054,0.0,0.0,0.0
0.0001,-0.0054,15.96204807854042,-4.226887275357706e-05,0.0018333225260525631
0.0002,-0.0054,15.958876093469788,-0.0001226851923349059,0.0035920846576386945
0.0003,-0.0054,15.954972789805108,-0.00024616663284522054,0.0052454071916057336
0.0004,-0.0054,15.951379332748694,-0.00041783020275045364,0.006738545734611311
0.0005,-0.0054,15.94791733352877,-0.0006390619180748292,0.008034696854902032
0.0006,-0.0054,15.944593030251697,-0.0009094697670440469,0.009148158840309754
0.0007,-0.0054,15.941336690823405,-0.0012210364462665482,0.010136542072597354
0.0008,-0.0054,15.93810939579864,-0.0015641227910115681,0.011066256661556867
0.0009,-0.0054,15.934859695723901,-0.0019273901390721559,0.011982643026911023
0.001,-0.0054,15.931446689764226,-0.002308722456903064,0.012894258155869727
0.0011,-0.0054,15.927660966452,-0.0027036081673189904,0.013779161255419618
0.0012,-0.0054,15.923461124347552,-0.0031084655131607443,0.014604285858956255
0.0013,-0.0054,15.918776249378618,-0.00352588816966122,0.015340517952148757
0.0014,-0.0054,15.913552254327852,-0.003950322157357985,0.015959642106395742
0.0015,-0.0054,15.907638372616116,-0.004377600773742887,0.01645716980187063
0.0016,-0.0054,15.90124258074871,-0.0048086340454449135,0.01683564466880146
0.0017,-0.0054,15.894654159703164,-0.005234277036901793,0.017084799763585512
0.0018,-0.0054,15.88762075742422,-0.005656087597235833,0.01719940613862301
0.0019,-0.0054,15.880898801016045,-0.006080152920902842,0.017195651941135932
0.002,-0.0054,15.874877270555837,-0.006499329576256306,0.01708283442836977
0.0021,-0.0054,15.869091641714318,-0.006913267500597782,0.01685598759670881
0.0022,-0.0054,15.8638813685966,-0.007328687264306813,0.01654022545940057
0.0023,-0.0054,15.85929296724409,-0.007755726630214531,0.016170689604454964
0.0024,-0.0054,15.855239149258844,-0.008196209476399045,0.015781404847383277
0.0025,-0.0054,15.851708179267101,-0.008653283254298174,0.015406721086608524
0.0026,-0.0054,15.848383878963869,-0.009128839181697424,0.01507561428800533
0.0027,-0.0054,15.844807571100803,-0.009621110653184977,0.01480561003308555
0.0028,-0.0054,15.840789458750564,-0.010128925925567144,0.014605512745199207
0.0029,-0.0054,15.836121931722353,-0.010646571431203697,0.014472492567726277
0.003,-0.0054,15.830560724256788,-0.011166445795887343,0.014390417653533612
0.0031,-0.0054,15.824150427947519,-0.011680231282951443,0.014335927932223309
0.0032,-0.0054,15.816893711011211,-0.01217835214564559,0.014278041394196039
0.0033,-0.0054,15.809105743688104,-0.012651535553728646,0.014184267743603193
0.0034,-0.0054,15.801132245830265,-0.013092210485944455,0.0140244178477477
0.0035,-0.0054,15.79329326105467,-0.01349310232550463,0.013771021486947239
0.0036,-0.0054,15.786015063224935,-0.013850751342512386,0.013405355032933403
0.0037,-0.0054,15.779902389939046,-0.014164714628359817,0.012917962092872671
0.0038,-0.0054,15.775290828697727,-0.014435518599104111,0.012307446188589836
0.0039,-0.0054,15.772341656057435,-0.01466823149922189,0.011580903398970858
0.004,-0.0054,15.771497012750768,-0.014869844132186838,0.010753398303229222
0.0041,-0.0054,15.772883004197766,-0.01504808061358893,0.009845721274655536
0.0042,-0.0054,15.776428190592066,-0.015212870265961008,0.008881725561047167
0.0043,-0.0054,15.78206075604376,-0.015374355358009743,0.007886959991771221
0.0044,-0.0054,15.789596222982448,-0.015541957352526605,0.00688586619070561
0.0045,-0.0054,15.798765411989791,-0.015724531292804565,0.0059000777080477395
0.0046,-0.0054,15.80923468696121,-0.015929463261194113,0.004947495534378308
0.0047,-0.0054,15.8206469947763,-0.0161619715603123,0.004041303730885277
0.0048,-0.0054,15.832655144745228,-0.01642508589176321,0.0031894794267416688
0.0049,-0.0054,15.844908279490177,-0.01671945794715434,0.002395043683304051
0.005,-0.0054,15.857078934345871,-0.017043147147452573,0.0016562026079871852
0.0051,-0.0054,15.86887076523544,-0.017392424506889853,0.0009679644633900728
0.0052,-0.0054,15.880050821593597,-0.01776116533705675,0.00032175355029191374
0.0053,-0.0054,15.890442119971695,-0.018142089797631527,-0.00029265560833619496
0.0054,-0.0054,15.899912961052403,-0.018526967393699606,-0.0008865039908833469
0.0055,-0.0054,15.908398792799515,-0.018907357835179037,-0.001471235703707692
0.0056,-0.0054,15.915882660506963,-0.019274471290087098,-0.0020580300183675212
0.0057,-0.0054,15.922387055531837,-0.019619584476649406,-0.0026570847000611363
0.0058,-0.0054,15.927959232393226,-0.01993448917284259,-0.003277337984531071
0.0059,-0.0054,15.932751912991073,-0.020211807058825113,-0.0039263573735052815
0.006,-0.0054,15.936767320700852,-0.02044667066119696,-0.004610424776844528
0.0061,-0.0054,15.940017341400525,-0.020634467535045515,-0.005334110507706108
0.0062,-0.0054,15.942395405313238,-0.02077993419193088,-0.0061014838220688344
0.0063,-0.0054,15.94627700702502,-0.02087148782519245,-0.006919478872304952
0.0064,-0.0054,15.94753794462486,-0.02090406011165616,-0.007800181010226164
0.0065,-0.0054,15.94524401401177,-0.02092505234858888,-0.008733672585109646
0.0066,-0.0054,15.947782736867724,-0.020930357799931264,-0.009721871835873775
0.0067,-0.0054,15.950340370589204,-0.02088344451850265,-0.01076780016878217
0.0068,-0.0054,15.95002894444608,-0.020816872330123755,-0.011869968174096905
0.0069,-0.0054,15.950337310022963,-0.020740248665994037,-0.013037281435067296
0.007,-0.0054,15.949831009106216,-0.020645916605190405,-0.014252192888729228
0.0071,-0.0054,15.94977249527948,-0.020530894842150933,-0.0154978380040019
0.0072,-0.0054,15.949169087088022,-0.02037735522070482,-0.01674926610329622
0.0073,-0.0054,15.948446265739472,-0.020178930970861233,-0.01796962818512022
0.0074,-0.0054,15.949121952858524,-0.019908088921990547,-0.0191111865040169
0.0075,-0.0054,15.950235171448554,-0.01953048627982462,-0.020114175377987518
0.0076,-0.0054,15.952282762036567,-0.01901986526635872,-0.020914823262822162
0.0077,-0.0054,15.955974083790936,-0.01834957028532364,-0.021458924457213056
0.0078,-0.0054,15.960940489707912,-0.017508631499155033,-0.021708127718122715
0.0079,-0.0054,15.966171031652536,-0.01649768462440864,-0.021634991129416057
0.008,-0.0054,15.972054378165174,-0.015337306697304284,-0.021256134353692974
0.0081,-0.0054,15.977075917494144,-0.0140746507182876,-0.020630828759268083
0.0082,-0.0054,15.980103871322441,-0.012783958653331443,-0.019880906899607306
0.0083,-0.0054,15.98107147920696,-0.011563172253601576,-0.019198956287133584
0.0084,-0.0054,15.980757140872745,-0.010491109747256908,-0.018784461648868225
0.0085,-0.0054,15.978705601139863,-0.00959856744588257,-0.018729297226354386
0.0086,-0.0054,15.976530824788675,-0.008829730479586947,-0.018878920072608524
0.0087,-0.0054,15.971049660055247,-0.008155980480540378,-0.018895489868046168
0.0088,-0.0054,15.971070439246551,-0.007574563614557965,-0.01909041093578873
0.0089,-0.0054,15.97378603152429,-0.006943717793652824,-0.019196173328426634
0.009,-0.0054,15.967276442731368,-0.0062510572770178,-0.018732153962515163
0.0091,-0.0054,15.968095206570887,-0.005538341803738234,-0.017797856067666856
0.0092,-0.0054,15.970558832351813,-0.004536163060358488,-0.015949461923308827
0.0093,-0.0054,15.96676466661076,-0.003440115265062945,-0.013465140193551066
0.0094,-0.0054,15.960680282403453,-0.0024923028788580463,-0.010953045389186433
0.0095,-0.0054,15.951755385164613,-0.0016643187215446193,-0.00860113453351503
0.0096,-0.0054,15.942449381409558,-0.001043076897904806,-0.006542682383605369
0.0097,-0.0054,15.932761344541815,-0.0005835332009674659,-0.004750379858530848
0.0098,-0.0054,15.92300566828743,-0.00027787848902373753,-0.0031196547603992335
0.0099,-0.0054,15.91535389924955,-9.032445152452514e-05,-0.0015517982518153145
0.01,-0.0054,0.0,0.0,0.0
0.0,-0.0053,0.0,0.0,0.0
0.0001,-0.0053,15.951700742682169,-3.9062407783878184e-05,0.0018875499330303592
0.0002,-0.0053,15.948579938823194,-0.00011968316321615848,0.0036922998403013437
0.0003,-0.0053,15.944770013254175,-0.000240353725078426,0.005391098116792426
0.0004,-0.0053,15.941186530645783,-0.00040533459609519006,0.006932222901123718
0.0005,-0.0053,15.937716236280172,-0.000619769065635571,0.008277916910476565
0.0006,-0.0053,15.934388492829411,-0.0008829081380994724,0.009437520849150949
0.0007,-0.0053,15.931101127948999,-0.001187827738206416,0.01046280798315969
0.0008,-0.0053,15.92783953751291,-0.0015231633872650429,0.011418735726911607
0.0009,-0.0053,15.924549511158041,-0.0018805446106706467,0.012352523489562317
0.001,-0.0053,15.92105683944263,-0.002254598540116334,0.01327755710070726
0.0011,-0.0053,15.917207476761027,-0.00263896298818656,0.014174540979733094
0.0012,-0.0053,15.912971825964558,-0.003033629722965188,0.015010916821247115
0.0013,-0.0053,15.908210437356692,-0.003439969266704579,0.01575715019865775
0.0014,-0.0053,15.902862769517904,-0.0038526661501057363,0.01638151123602785
0.0015,-0.0053,15.896913530072608,-0.004270295260903235,0.016883653128672942
0.0016,-0.0053,15.890586271455502,-0.0046941279248338755,0.017263947815555424
0.0017,-0.0053,15.884118452058582,-0.005115749372062163,0.017509588809041656
0.0018,-0.0053,15.877268252270168,-0.005531427926929345,0.017624649258091204
0.0019,-0.0053,15.870735793899247,-0.005952405703341749,0.017621252358146863
0.002,-0.0053,15.86457038181738,-0.006372620582516072,0.0175029687922232
0.0021,-0.0053,15.858498101041535,-0.00678931548575057,0.017273622917203933
0.0022,-0.0053,15.853231477599373,-0.007213434122129284,0.01696474636530633
0.0023,-0.0053,15.848564154500457,-0.007646867628190702,0.016606934724614053
0.0024,-0.0053,15.8443666392238,-0.008094638271186066,0.01623220822530425
0.0025,-0.0053,15.84060285804091,-0.0085577706053906,0.015874995181701802
0.0026,-0.0053,15.836871483811999,-0.00903687336271035,0.015561038653518528
0.0027,-0.0053,15.832947817200747,-0.009529261129230495,0.015305951810795507
0.0028,-0.0053,15.828562627649786,-0.01003200580662992,0.015116460311313678
0.0029,-0.0053,15.82347107220358,-0.010540061419796158,0.014987448402642715
0.003,-0.0053,15.817621406320121,-0.011045217704249268,0.014901629757009916
0.0031,-0.0053,15.810925955827585,-0.011540543353004074,0.014834363167674086
0.0032,-0.0053,15.803595325874412,-0.012017499038011711,0.014754587264993364
0.0033,-0.0053,15.795934340891755,-0.012468847032812994,0.014631912369387328
0.0034,-0.0053,15.788150388293083,-0.012888967402822514,0.014436714818331458
0.0035,-0.0053,15.780764349580961,-0.013273519542050478,0.01414388612978615
0.0036,-0.0053,15.774191646426834,-0.013620966498154256,0.013737534135329882
0.0037,-0.0053,15.768891494986226,-0.013933240556192564,0.013211033422280945
0.0038,-0.0053,15.765205189345641,-0.014213165288040426,0.01256555907559927
0.0039,-0.0053,15.763316445488796,-0.01446660266795858,0.011809828013981684
0.004,-0.0053,15.763505019205045,-0.014701950580584707,0.01096123058478397
0.0041,-0.0053,15.765843220099967,-0.014927793061464797,0.010041858819853314
0.0042,-0.0053,15.770267383997059,-0.015153722064127944,0.009076148541675625
0.0043,-0.0053,15.776622495739243,-0.015389195431107436,0.00808927167346508
0.0044,-0.0053,15.784686987907717,-0.015642773868000923,0.007104764662897587
0.0045,-0.0053,15.79416573111165,-0.01592176445671212,0.006142922662921659
0.0046,-0.0053,15.804700382143805,-0.016231718552641407,0.005219674550891813
0.0047,-0.0053,15.815915702140142,-0.016576008903092902,0.004345977772130014
0.0048,-0.0053,15.827458409920206,-0.01695566951121631,0.0035274930952301866
0.0049,-0.0053,15.839008239701089,-0.017369205945830298,0.002764879240189362
0.005,-0.0053,15.85027339729325,-0.01781252564368158,0.002054171803402099
0.0051,-0.0053,15.860952530643026,-0.018279458897578725,0.0013878937357278158
0.0052,-0.0053,15.870845215466279,-0.018762474291875896,0.0007560797285651039
0.0053,-0.0053,15.879847785729634,-0.019252816844385907,0.00014750206362276557
0.0054,-0.0053,15.887875271007962,-0.019740280980629646,-0.00045026828440203315
0.0055,-0.0053,15.894918074448313,-0.020214586170250567,-0.0010490582164838077
0.0056,-0.0053,15.901017951244581,-0.020665256443786452,-0.0016598520764436698
0.0057,-0.0053,15.90624779186748,-0.021081723745078856,-0.002292351249103031
0.0058,-0.0053,15.910716073726372,-0.021454464677109677,-0.0029543116271658976
0.0059,-0.0053,15.91453807181933,-0.021774890595961126,-0.0036516640735132474
0.006,-0.0053,15.917798555420248,-0.02203779861315202,-0.004388892014403348
0.0061,-0.0053,15.920689180924528,-0.022238347667082388,-0.005169269492845521
0.0062,-0.0053,15.923456022472344,-0.022374879040284432,-0.005995736206175363
0.0063,-0.0053,15.926228721546144,-0.022445583495863966,-0.00686670639561204
0.0064,-0.0053,15.929183381722002,-0.022443735205706587,-0.007788548623729318
0.0065,-0.0053,15.928282681802829,-0.022394812165315133,-0.008768649989040197
0.0066,-0.0053,15.929078847998648,-0.022326162650452556,-0.009795804537932773
0.0067,-0.0053,15.93302751204216,-0.02220601411446986,-0.010868473731932357
0.0068,-0.0053,15.934808201060422,-0.02204371464011326,-0.011992570619220261
0.0069,-0.0053,15.936612696322356,-0.021863694625188244,-0.013173044740117469
0.007,-0.0053,15.93785238861678,-0.021665287374964134,-0.014406402810268754
0.0071,-0.0053,15.939772578358012,-0.021448449116866265,-0.015673534664182184
0.0072,-0.0053,15.941023416515268,-0.021198409534090246,-0.016958742140379415
0.0073,-0.0053,15.941239791706806,-0.0209154384931738,-0.01823304364466776
0.0074,-0.0053,15.942308562403163,-0.02058435135652625,-0.019452079119122643
0.0075,-0.0053,15.94387882461342,-0.020172535051654967,-0.020562653483786983
0.0076,-0.0053,15.945674012462732,-0.01965488036883609,-0.021500010608720907
0.0077,-0.0053,15.948450374292,-0.019004182412672852,-0.022199311854180347
0.0078,-0.0053,15.953201823754794,-0.018199675575387375,-0.02261298352204176
0.0079,-0.0053,15.95867581748674,-0.0172293667020995,-0.02270797543011702
0.008,-0.0053,15.964182690790038,-0.016100485756241237,-0.022467691268664276
0.0081,-0.0053,15.969186241702955,-0.014852259082350848,-0.021930449247169796
0.0082,-0.0053,15.972763997789135,-0.013537501315813267,-0.021191373257665284
0.0083,-0.0053,15.974448463047342,-0.012241353826657603,-0.020408937861102303
0.0084,-0.0053,15.974932699570992,-0.011066546978500817,-0.019802199811210022
0.0085,-0.0053,15.975412219866381,-0.010052453631608105,-0.0195639499996263
0.0086,-0.0053,15.973358089746435,-0.009183101717016157,-0.019617759690321722
0.0087,-0.0053,15.969097255764384,-0.008412104854553902,-0.01965767207972581
0.0088,-0.0053,15.963227848158336,-0.007712600728607917,-0.019689180722697486
0.0089,-0.0053,15.964482702815568,-0.0071593691899425735,-0.019811678598337323
0.009,-0.0053,15.962320254778447,-0.006424072175710321,-0.019547820294954353
0.0091,-0.0053,15.964392118889515,-0.005661342832756576,-0.018730938212161735
0.0092,-0.0053,15.968148027635385,-0.00472895805310325,-0.017041554771551965
0.0093,-0.0053,15.961634951123788,-0.0036082588648102313,-0.014507266568291936
0.0094,-0.0053,15.955825083317391,-0.002662730068741793,-0.011869836857883153
0.0095,-0.0053,15.946568974991957,-0.0017840558836649957,-0.009351244692727568
0.0096,-0.0053,15.936973725871615,-0.0011192625132264785,-0.007099811469227456
0.0097,-0.0053,15.926805715102603,-0.0006244816207517591,-0.005141123914864019
0.0098,-0.0053,15.916476640496155,-0.0002956150759353054,-0.003370412568250174
0.0099,-0.0053,15.908385159537307,-9.591786754065013e-05,-0.0016780756619971444
0.01,-0.0053,0.0,0.0,0.0
0.0,-0.0052,0.0,0.0,0.0
0.0001,-0.0052,15.941122874762575,-4.237148431594099e-05,0.0019415701032257306
0.0002,-0.0052,15.938073491473451,-0.00011847884878351587,0.003789028510448644
0.0003,-0.0052,15.934166730808107,-0.00023151373789874618,0.005530263581178994
0.0004,-0.0052,15.930573262520785,-0.0003914686956825482,0.007118143962617199
0.0005,-0.0052,15.927190346967231,-0.0005999874042458638,0.008513853882001692
0.0006,-0.0052,15.923891822121288,-0.0008545126810649166,0.009719999981070395
0.0007,-0.0052,15.920577826144775,-0.0011519626903079268,0.010782178154479405
0.0008,-0.0052,15.917297426900427,-0.0014792628758369057,0.011764391171276667
0.0009,-0.0052,15.913966280060679,-0.0018301095554858037,0.012715304170896426
0.001,-0.0052,15.910397879888027,-0.0021964234450371684,0.013652189522789914
0.0011,-0.0052,15.906501601836924,-0.0025701047330718195,0.014559981249023208
0.0012,-0.0052,15.902240670200253,-0.002954524593849545,0.015406532332401069
0.0013,-0.0052,15.897427081578678,-0.003350039007968173,0.0161616980096649
0.0014,-0.0052,15.892113617475996,-0.0037502907067319914,0.016791256496632004
0.0015,-0.0052,15.886115841103821,-0.004157383159244379,0.01730013752610828
0.0016,-0.0052,15.87964516068096,-0.004571823004777222,0.01768623110942705
0.0017,-0.0052,15.872931700711888,-0.0049912095478973715,0.01792874263909594
0.0018,-0.0052,15.866153953485728,-0.005406280999598063,0.01805008265022734
0.0019,-0.0052,15.859857178220809,-0.0058214294221891165,0.01804961441170498
0.002,-0.0052,15.853659737170455,-0.006240484745423069,0.017922733160807044
0.0021,-0.0052,15.847651376045947,-0.006659153926657191,0.01769406525855779
0.0022,-0.0052,15.842332811749396,-0.00708957005457014,0.017393581803422757
0.0023,-0.0052,15.837507178752638,-0.007528572214436011,0.017048957718180026
0.0024,-0.0052,15.833157576352987,-0.007981004883473725,0.01668960038112495
0.0025,-0.0052,15.829196068887393,-0.008447865918699065,0.01634796500550005
0.0026,-0.0052,15.825114921720003,-0.008926662837268666,0.016046741766857137
0.0027,-0.0052,15.820845786860916,-0.009416784718958142,0.015802386909340264
0.0028,-0.0052,15.816134397529495,-0.009912497215584777,0.015619394010263202
0.0029,-0.0052,15.810691690963031,-0.010408763039001807,0.015489502887281157
0.003,-0.0052,15.804569271823782,-0.010899528146184619,0.015396163264404067
0.0031,-0.0052,15.797706141716326,-0.01137736555045087,0.015313211095286952
0.0032,-0.0052,15.790426296684691,-0.011835909645235666,0.015211255672570183
0.0033,-0.0052,15.782910113567882,-0.012269876466882346,0.015060809303145137
0.0034,-0.0052,15.775428441263621,-0.012675228894825915,0.014833118387359965
0.0035,-0.0052,15.768537961201131,-0.013050572947239209,0.014506552073552753
0.0036,-0.0052,15.762666879252127,-0.01339648305889238,0.014067941292315518
0.0037,-0.0052,15.758124138116948,-0.01371596796768422,0.013512231988440964
0.0038,-0.0052,15.755147007281513,-0.014014205317901426,0.012842675468542968
0.0039,-0.0052,15.754057804954318,-0.0142983674682188,0.012070549551440202
0.004,-0.0052,15.755008916621433,-0.014577015527420198,0.011214333079867918
0.0041,-0.0052,15.75798908523518,-0.01485911188911047,0.010296756677429401
0.0042,-0.0052,15.762898363835781,-0.015153838102100149,0.009342162935070002
0.0043,-0.0052,15.769549637402704,-0.01546999387905101,0.008374876554128042
0.0044,-0.0052,15.777716799417211,-0.015814545217153288,0.007417315359351872
0.0045,-0.0052,15.787030487790005,-0.016192888896962892,0.006488075131405509
0.0046,-0.0052,15.797099487566207,-0.016609144177621663,0.005600987867880011
0.0047,-0.0052,15.80759550394185,-0.017064889627160327,0.00476464865179966
0.0048,-0.0052,15.818160357099078,-0.017558991233100618,0.003982419526552169
0.0049,-0.0052,15.828488889348234,-0.018088097993398247,0.0032525203092282134
0.005,-0.0052,15.838310257397634,-0.018646263075972155,0.002568744811968607
0.0051,-0.0052,15.847358276101895,-0.019225784034899517,0.0019217542135111132
0.0052,-0.0052,15.85548670836937,-0.019817996275739595,0.0013000544618246017
0.0053,-0.0052,15.862650739398694,-0.020412305781642458,0.0006911068063230514
0.0054,-0.0052,15.868815981513963,-0.020997370255061067,8.18237311657876e-05
0.0055,-0.0052,15.874015907591371,-0.021561753662094587,-0.0005398674001340102
0.0056,-0.0052,15.878343511117908,-0.022093326625362626,-0.0011849609567886334
0.0057,-0.0052,15.881926039439804,-0.022580700586863015,-0.0018623680730133695
0.0058,-0.0052,15.88492022466184,-0.023013332956354587,-0.0025787113238103622
0.0059,-0.0052,15.887494508281259,-0.02338164278269544,-0.0033383263662189783
0.006,-0.0052,15.889781456762522,-0.023679014410745925,-0.004143419785413812
0.0061,-0.0052,15.891940878339671,-0.023900224670413125,-0.004995028783786871
0.0062,-0.0052,15.894082478037182,-0.02404241708906071,-0.005893230213421833
0.0063,-0.0052,15.896528435150227,-0.024105619458954806,-0.0068378121790218585
0.0064,-0.0052,15.899592889044127,-0.024089584771954622,-0.00782769446176296
0.0065,-0.0052,15.902225341119587,-0.024001894134868876,-0.008861334159377298
0.0066,-0.0052,15.904327149746406,-0.023858690308294957,-0.009932380405629972
0.0067,-0.0052,15.907423354232389,-0.02366212354206917,-0.01104857316262435
0.0068,-0.0052,15.910612383063208,-0.02342117907960434,-0.012211989968198559
0.0069,-0.0052,15.914685414698184,-0.023148820573016284,-0.013418054661451783
0.007,-0.0052,15.918901804059862,-0.02284433186392794,-0.01466804452280428
0.0071,-0.0052,15.922084842771019,-0.022518346727100937,-0.01595418589632349
0.0072,-0.0052,15.925701303429486,-0.02217239714349862,-0.01726581394625243
0.0073,-0.0052,15.92878627494331,-0.02179516152968446,-0.018576856893908283
0.0074,-0.0052,15.931336787747568,-0.021379978610628275,-0.01985112317458705
0.0075,-0.0052,15.934158740374437,-0.020908188112151515,-0.021042973827238395
0.0076,-0.0052,15.937071468067176,-0.020353405524746234,-0.022091839734528055
0.0077,-0.0052,15.939866290216383,-0.01969048827904013,-0.022927790085395274
0.0078,-0.0052,15.943973122955255,-0.018897099208956113,-0.023490378825766035
0.0079,-0.0052,15.949981670206556,-0.017950722084037384,-0.023742230932938393
0.008,-0.0052,15.955066538730167,-0.016849782994447657,-0.02365281954073947
0.0081,-0.0052,15.960549608210025,-0.01562301686417088,-0.023233550724720456
0.0082,-0.0052,15.965887576803723,-0.014296710206565358,-0.02254910321865022
0.0083,-0.0052,15.968379300570485,-0.012947322313560758,-0.021720301235744758
0.0084,-0.0052,15.969739064324498,-0.01167400627054031,-0.020954639165359404
0.0085,-0.0052,15.97049978379166,-0.010541997902186451,-0.020495960098750876
0.0086,-0.0052,15.96919761771723,-0.009584517340674045,-0.020432334519202087
0.0087,-0.0052,15.966827555996502,-0.008730594899960305,-0.02049638146334677
0.0088,-0.0052,15.960262005941136,-0.007954040880088345,-0.020396008082369875
0.0089,-0.0052,15.965251874586231,-0.007349671644768703,-0.02047814054915671
0.009,-0.0052,15.967292084046305,-0.00654830582141987,-0.020269048913240797
0.0091,-0.0052,15.964338109340552,-0.005761359717632376,-0.019494728768523737
0.0092,-0.0052,15.96412089278847,-0.004911296201579134,-0.018021558082549897
0.0093,-0.0052,15.956589239274235,-0.0038129580293804607,-0.015556138377165622
0.0094,-0.0052,15.95070520974199,-0.0028263558788672767,-0.012824144488646761
0.0095,-0.0052,15.941622616642945,-0.0019114990209686744,-0.01014852035210197
0.0096,-0.0052,15.93159432336883,-0.001196527119943829,-0.0076989033907639455
0.0097,-0.0052,15.921005993300422,-0.0006694095892725167,-0.005561760267545948
0.0098,-0.0052,15.910067515306944,-0.00031432006809425104,-0.0036389632868042907
0.0099,-0.0052,15.901547991468627,-0.00010199434383150132,-0.001812252837111514
0.01,-0.0052,0.0,0.0,0.0
0.0,-0.0051,0.0,0.0,0.0
0.0001,-0.0051,15.930148837098148,-4.4736647271783094e-05,0.0019977653750388544
0.0002,-0.0051,15.927141409226733,-0.00011640162812085993,0.0038847128590957444
0.0003,-0.0051,15.923252213808313,-0.00022605679320448834,0.005662051992879873
0.0004,-0.0051,15.91973239717496,-0.00038260480259908424,0.007294127981810601
0.0005,-0.0051,15.916384442016044,-0.0005823647873318916,0.00874008211158896
0.0006,-0.0051,15.91307787514916,-0.0008267011886289119,0.009993467596454034
0.0007,-0.0051,15.909761322588855,-0.0011146114459341877,0.01109319119470459
0.0008,-0.0051,15.906476455160513,-0.0014338846458747808,0.012101544981163448
0.0009,-0.0051,15.90310730531466,-0.0017770752555073225,0.013069910132927028
0.001,-0.0051,15.899489812895473,-0.0021340287798944147,0.014017983204150703
0.0011,-0.0051,15.895571575398904,-0.002498064062424709,0.014934869253403468
0.0012,-0.0051,15.891297417958288,-0.0028715213793061908,0.015791037776099866
0.0013,-0.0051,15.886413213445348,-0.003256595610577982,0.016554861414345597
0.0014,-0.0051,15.881135706251287,-0.0036434562316436468,0.017192026693021646
0.0015,-0.0051,15.875124807496999,-0.004040360172590227,0.017708411328947717
0.0016,-0.0051,15.868575100546987,-0.004445186351943858,0.01809834670536342
0.0017,-0.0051,15.861667524417554,-0.0048573224235067105,0.018334544744023462
0.0018,-0.0051,15.854717443320519,-0.005274899545039577,0.01845331418868178
0.0019,-0.0051,15.848676262560394,-0.0056896973372732515,0.01845954471456461
0.002,-0.0051,15.842701711039565,-0.006106299786589026,0.0183393539309274
0.0021,-0.0051,15.83678135741773,-0.006523455048930635,0.01812022905034461
0.0022,-0.0051,15.831268431788711,-0.006955116375897122,0.017829150169535138
0.0023,-0.0051,15.82618430870029,-0.0073986330863756045,0.017495113603121774
0.0024,-0.0051,15.821676373544996,-0.0078541817368468,0.01714961333444921
0.0025,-0.0051,15.817429965883102,-0.008322654900988786,0.0168212907116736
0.0026,-0.0051,15.81315185625112,-0.008799298046670699,0.01653086037419571
0.0027,-0.0051,15.80856265092855,-0.009283708057666113,0.016293317105127117
0.0028,-0.0051,15.803499946014496,-0.009771336687468683,0.01611231427213673
0.0029,-0.0051,15.79783794921898,-0.010255623450928945,0.01597856038855183
0.003,-0.0051,15.791475611614478,-0.010732054105183294,0.015874299781455426
0.0031,-0.0051,15.784555082147241,-0.011194257065156775,0.015774185502973766
0.0032,-0.0051,15.77735667487088,-0.011637741183005429,0.015651094007079654
0.0033,-0.0051,15.770011501841287,-0.012058270674334605,0.0154750324212874
0.0034,-0.0051,15.762909549595893,-0.0124543509480154,0.01521968970285635
0.0035,-0.0051,15.75653357583439,-0.012826366429795124,0.014866440069786898
0.0036,-0.0051,15.751203638165292,-0.01317694956235679,0.01440417555070569
0.0037,-0.0051,15.74720249691155,-0.013510880649684967,0.013829632616469627
0.0038,-0.0051,15.744797439311094,-0.013834424919908493,0.013147537623055906
0.0039,-0.0051,15.744249384818522,-0.014155909092786967,0.012371313992698172
0.004,-0.0051,15.745676480921473,-0.014483784239869483,0.011520015536569206
0.0041,-0.0051,15.748971642381768,-0.014826612799001443,0.010616258642965101
0.0042,-0.0051,15.753978086020764,-0.015193033262536564,0.009684091634375386
0.0043,-0.0051,15.76050987352901,-0.01559088254425645,0.008746697043465174
0.0044,-0.0051,15.76829683363723,-0.016025672435897385,0.007824739185320069
0.0045,-0.0051,15.776948373453118,-0.01650104682663269,0.006934951270752075
0.0046,-0.0051,15.7860771998366,-0.017019301692826838,0.006089077036851957
0.0047,-0.0051,15.795370762320527,-0.017580247163596217,0.005293322358547677
0.0048,-0.0051,15.804476918227481,-0.01818101123069276,0.00454854146987943
0.0049,-0.0051,15.81309731499384,-0.018816578997519783,0.003850915621874864
0.005,-0.0051,15.82099091557917,-0.01947982287876985,0.003192278765921864
0.0051,-0.0051,15.827982144733454,-0.02016187682041174,0.0025614457432394135
0.0052,-0.0051,15.833964491666027,-0.020852696587228735,0.0019455409428385947
0.0053,-0.0051,15.838917271339783,-0.02154038067074812,0.0013304969946160983
0.0054,-0.0051,15.842847672443881,-0.02221366073338436,0.0007033299680534331
0.0055,-0.0051,15.845851897051537,-0.02285996601614885,5.1420091191377196e-05
0.0056,-0.0051,15.848084207682925,-0.0234662152168087,-0.00063617135636946
0.0057,-0.0051,15.849716962876887,-0.024020685691162058,-0.0013674565541635655
0.0058,-0.0051,15.850957523647692,-0.024512235995464576,-0.0021479728331328654
0.0059,-0.0051,15.85203477925226,-0.024930706004750496,-0.0029806418267660055
0.006,-0.0051,15.853153431500127,-0.025268206561680343,-0.003865804869699489
0.0061,-0.0051,15.854471876090459,-0.0255187658736733,-0.004801942570277367
0.0062,-0.0051,15.856072000723323,-0.025677926890401093,-0.0057861721451634976
0.0063,-0.0051,15.857912265457852,-0.02574655640167979,-0.006814810784029155
0.0064,-0.0051,15.860845077984795,-0.02572789561797707,-0.007884320028912368
0.0065,-0.0051,15.86511082766479,-0.02562188875640464,-0.00899187465489461
0.0066,-0.0051,15.869601228172796,-0.025435409702539893,-0.010131875194798814
0.0067,-0.0051,15.8743067018891,-0.02517834821561545,-0.011303764498618588
0.0068,-0.0051,15.87861453998608,-0.02486644948566947,-0.012512763046696818
0.0069,-0.0051,15.884121294978168,-0.024515103251465345,-0.013756012171545276
0.007,-0.0051,15.891002743548245,-0.02412294742986455,-0.015032449246454933
0.0071,-0.0051,15.897152954046252,-0.023697510833012456,-0.01634088778533364
0.0072,-0.0051,15.903056578081696,-0.023251248808452522,-0.017672947541246226
0.0073,-0.0051,15.908987478357563,-0.022781392386634396,-0.019012049075765744
0.0074,-0.0051,15.914566117819845,-0.022278908301164274,-0.020327697512061985
0.0075,-0.0051,15.919674059962258,-0.021731288639947225,-0.02157898458317365
0.0076,-0.0051,15.92460963782394,-0.02111977090767145,-0.022713608018975217
0.0077,-0.0051,15.929068875732415,-0.020421271355128473,-0.023665017980471947
0.0078,-0.0051,15.933350502802258,-0.019612973017728113,-0.02436246204924211
0.0079,-0.0051,15.939261490908436,-0.018673729594305532,-0.02475517402979993
0.008,-0.0051,15.945840975320348,-0.017593819250282132,-0.02481527994050294
0.0081,-0.0051,15.951687569540143,-0.01637538613163583,-0.02452421245616203
0.0082,-0.0051,15.957192478353667,-0.015050192618173548,-0.02391640410980056
0.0083,-0.0051,15.961256009732633,-0.013670087202211838,-0.02309510690621583
0.0084,-0.0051,15.962817950117756,-0.012316220996727455,-0.022219884753254492
0.0085,-0.0051,15.96371347948073,-0.011092221798958737,-0.021555583845258228
0.0086,-0.0051,15.965720927667936,-0.010022677426891925,-0.021329257910682655
0.0087,-0.0051,15.963419526485303,-0.009077080921626937,-0.02136682253811413
0.0088,-0.0051,15.956398811437138,-0.008212878202135936,-0.02120829136512408
0.0089,-0.0051,15.95677511165569,-0.007468543415630649,-0.02107317634659348
0.009,-0.0051,15.960359806280316,-0.0067134391100792746,-0.02082630741189037
0.0091,-0.0051,15.956161646047649,-0.005908244852482848,-0.020209729261352605
0.0092,-0.0051,15.953068506550826,-0.005092250293573535,-0.018969594492024504
0.0093,-0.0051,15.950961591431867,-0.004051279764110837,-0.01665157800878152
0.0094,-0.0051,15.945234036613394,-0.0029750651720020205,-0.013825360001531914
0.0095,-0.0051,15.936995407778909,-0.002044678836256907,-0.010987759290156534
0.0096,-0.0051,15.926361586717501,-0.0012748956096020982,-0.008340397919479148
0.0097,-0.0051,15.915399292666368,-0.0007180595758242573,-0.006013191995945177
0.0098,-0.0051,15.903837367353015,-0.0003341211215042108,-0.003926754894180132
0.0099,-0.0051,15.89490423584159,-0.00010828070795495242,-0.0019548607893114826
0.01,-0.0051,0.0,0.0,0.0
0.0,-0.005,0.0,0.0,0.0
0.0001,-0.005,15.918698297565003,-3.831806118105637e-05,0.0020494652827522056
0.0002,-0.005,15.915735231300236,-0.00011026990324703742,0.003979315737682721
0.0003,-0.005,15.912109215214802,-0.00022121960109856205,0.005794340170559072
0.0004,-0.005,15.908712478130587,-0.00037127774797819304,0.007466539283317296
0.0005,-0.005,15.905325000572933,-0.0005609055790111333,0.008957651668085091
0.0006,-0.005,15.901990402847467,-0.0007968749261624918,0.010256494405862508
0.0007,-0.005,15.898683043437288,-0.0010742645919088552,0.011395271300875254
0.0008,-0.005,15.895396746444604,-0.001385940835611824,0.012430656740212188
0.0009,-0.005,15.891988446940497,-0.0017217955794810577,0.013416094125604891
0.001,-0.005,15.888349844319409,-0.002068112343627111,0.01437481691076299
0.0011,-0.005,15.88443624832991,-0.0024231868266720484,0.015299381170199898
0.0012,-0.005,15.880150014183203,-0.0027853645503857364,0.016163998862726993
0.0013,-0.005,15.875189032362407,-0.0031584093358267176,0.01693508173822888
0.0014,-0.005,15.86974219222338,-0.0035325892322227263,0.017579395770430183
0.0015,-0.005,15.863828311719944,-0.003924351828749268,0.01810388424473356
0.0016,-0.005,15.857500244029092,-0.004321780965664309,0.018498947829008197
0.0017,-0.005,15.850931242362394,-0.004722903146537016,0.01873802319692649
0.0018,-0.005,15.844416828926724,-0.005136647782538003,0.018859582059751665
0.0019,-0.005,15.838140744369786,-0.005546563382397855,0.018870734349865546
0.002,-0.005,15.831598029040554,-0.005960341413861509,0.0187569023686839
0.0021,-0.005,15.82543005105753,-0.006379720590044704,0.01854649002090223
0.0022,-0.005,15.8198185820765,-0.006812426531747871,0.018266444262707245
0.0023,-0.005,15.81468414823948,-0.007257800209948923,0.01794415249112834
0.0024,-0.005,15.810078145483757,-0.007714284914403948,0.01761094417559319
0.0025,-0.005,15.805482230871812,-0.00818022560666788,0.017291993313744425
0.0026,-0.005,15.800933655320458,-0.008654369307649236,0.0170101363316468
0.0027,-0.005,15.796104924624691,-0.009131807552291758,0.016777300763199592
0.0028,-0.005,15.790741008403776,-0.009609463593079182,0.01659453233291626
0.0029,-0.005,15.784847154589464,-0.010082682380135603,0.01645434045225057
0.003,-0.005,15.778380589634274,-0.010545831434079144,0.01633793241816163
0.0031,-0.005,15.771562541776012,-0.010994230380210211,0.01622124824176504
0.0032,-0.005,15.764412092937585,-0.01142484593582329,0.016077660259909216
0.0033,-0.005,15.757226062726719,-0.011835366165292259,0.0158788898758712
0.0034,-0.005,15.750455273266565,-0.01222643461361713,0.015601684054183124
0.0035,-0.005,15.74448243307363,-0.012599996270718106,0.015229512976056975
0.0036,-0.005,15.73956203211378,-0.01296020583124017,0.014752570276115545
0.0037,-0.005,15.735942744774794,-0.013313252744721324,0.014168905770560083
0.0038,-0.005,15.733940817907536,-0.013666400451592661,0.013485415359606687
0.0039,-0.005,15.733687570895077,-0.014028112372790183,0.012716460106054784
0.004,-0.005,15.735243201458438,-0.014406939788592686,0.01188134479955662
0.0041,-0.005,15.738476785312367,-0.014810832767000804,0.011002096103230375
0.0042,-0.005,15.743204668499965,-0.015247544116344863,0.010101860061233764
0.0043,-0.005,15.749206793682877,-0.01572345298607843,0.0092025006199143
0.0044,-0.005,15.756156461755081,-0.01624272539005813,0.008322894656102548
0.0045,-0.005,15.763702838092586,-0.016807801538570425,0.007477568511477451
0.0046,-0.005,15.771481076098063,-0.017418935652765446,0.006676042498578931
0.0047,-0.005,15.77914319821071,-0.01807397607520885,0.005922441860494643
0.0048,-0.005,15.786368917379015,-0.01876888461628891,0.005215304221299099
0.0049,-0.005,15.792893456022822,-0.01949744306783027,0.004548550633413133
0.005,-0.005,15.798516111374827,-0.020251446972751493,0.003912407493035437
0.0051,-0.005,15.803112357898671,-0.021021163948279485,0.0032940524597919623
0.0052,-0.005,15.80662283530973,-0.021795560285674382,0.0026792677981396086
0.0053,-0.005,15.809046506062023,-0.022563063965109688,0.0020537515508260162
0.0054,-0.005,15.810467531472003,-0.023311376999257526,0.0014033263824244076
0.0055,-0.005,15.811039056258776,-0.024027565576326026,0.0007151869451586493
0.0056,-0.005,15.810951905657818,-0.024698894994810868,-2.103481835813224e-05
0.0057,-0.005,15.810427549214387,-0.025313401687371437,-0.0008127142060937727
0.0058,-0.005,15.809718432649117,-0.02585966947725918,-0.0016643254561619554
0.0059,-0.005,15.809083602735106,-0.026327547324382417,-0.0025773837423923533
0.006,-0.005,15.808792770836732,-0.026707890555786366,-0.003550720613229057
0.0061,-0.005,15.809089180421521,-0.026994334126064515,-0.00458043282196997
0.0062,-0.005,15.810153420546246,-0.027182149269225114,-0.005660849593109574
0.0063,-0.005,15.81189964016327,-0.027267636374522616,-0.006786428088445613
0.0064,-0.005,15.814285038113905,-0.027257348245150838,-0.007948811646010148
0.0065,-0.005,15.81921686335809,-0.027150324509520814,-0.00914294328099164
0.0066,-0.005,15.825004247162427,-0.026945719816687613,-0.01036431194604212
0.0067,-0.005,15.830924901976559,-0.026659396151184997,-0.011608644907829783
0.0068,-0.005,15.838258323651498,-0.026302539242251035,-0.012876686967876251
0.0069,-0.005,15.845879210690116,-0.025885904011296777,-0.014167132476863352
0.007,-0.005,15.854484800905377,-0.025422911701725233,-0.015481867302959633
0.0071,-0.005,15.863834531193488,-0.02492015316793056,-0.016820596743773363
0.0072,-0.005,15.87310705678482,-0.02438590952771044,-0.018176986835601195
0.0073,-0.005,15.88211651652837,-0.023826652740654437,-0.019539986952591067
0.0074,-0.005,15.890867107347786,-0.023240489061754886,-0.020887987266871952
0.0075,-0.005,15.899245995171208,-0.022617565500443776,-0.022185826946219393
0.0076,-0.005,15.907158466579592,-0.021941576806668805,-0.023386046565803124
0.0077,-0.005,15.914277207697868,-0.02119343125471837,-0.024429685335785153
0.0078,-0.005,15.920293674028507,-0.020353300575457443,-0.025245290508717454
0.0079,-0.005,15.926336409413581,-0.019402512178392152,-0.025766513847689694
0.008,-0.005,15.934056279204194,-0.018330137196604784,-0.025959117787273944
0.0081,-0.005,15.941396692522629,-0.01712272269679851,-0.02580071990984921
0.0082,-0.005,15.947664525404276,-0.01579695335814267,-0.025297847313452172
0.0083,-0.005,15.953097355550275,-0.014395929625364847,-0.024521873799623485
0.0084,-0.005,15.955696763185705,-0.012988738683238354,-0.023598288931334158
0.0085,-0.005,15.957576098877746,-0.011663909521637542,-0.02276209989516399
0.0086,-0.005,15.959749571540065,-0.010485342328914462,-0.022299970123224842
0.0087,-0.005,15.959162296082683,-0.009478443523230205,-0.02227796468617465
0.0088,-0.005,15.956004760577382,-0.008518403316186578,-0.022220672423142705
0.0089,-0.005,15.946446787805867,-0.007660597568395955,-0.021898938961289437
0.009,-0.005,15.947815598205564,-0.006956408176781642,-0.021598811996843846
0.0091,-0.005,15.944482200779634,-0.006053182298347509,-0.021107085617028988
0.0092,-0.005,15.941471779337533,-0.005231147733636041,-0.01998377883490468
0.0093,-0.005,15.946120725687791,-0.004251217250764574,-0.01780404345648797
0.0094,-0.005,15.939973626730893,-0.0031042612744573784,-0.014864577335621586
0.0095,-0.005,15.9326556721924,-0.0021792032197370786,-0.011861664856358988
0.0096,-0.005,15.921377836450873,-0.0013570611503972336,-0.009024044756028703
0.0097,-0.005,15.910033745049267,-0.0007694352407692748,-0.006496633762527923
0.0098,-0.005,15.89787816818241,-0.0003553192422272939,-0.004235271072483752
0.0099,-0.005,15.888519634300868,-0.0001142690244603131,-0.0021064788050811746
0.01,-0.005,0.0,0.0,0.0
0.0,-0.0049,0.0,0.0,0.0
0.0001,-0.0049,15.907092282752195,-3.4564220630000465e-05,0.0020981176517171803
0.0002,-0.0049,15.904123140442971,-0.00010606197013620734,0.004067309382412035
0.0003,-0.0049,15.900581437465137,-0.00021346082412161465,0.005919953170824527
0.0004,-0.0049,15.897270609769153,-0.0003549415010125326,0.00763282907250542
0.0005,-0.0049,15.893953415577897,-0.000535579019039138,0.009168208095731298
0.0006,-0.0049,15.890672355785393,-0.0007635974904797048,0.010511185510781687
0.0007,-0.0049,15.88739741596846,-0.0010312681321744531,0.011688562522900531
0.0008,-0.0049,15.884112953988618,-0.0013353721977960272,0.012752041903610751
0.0009,-0.0049,15.88065407492421,-0.0016634517000509023,0.013754047153919128
0.001,-0.0049,15.877005670868725,-0.0019996421424951826,0.014722429433994707
0.0011,-0.0049,15.873105950462449,-0.002345514715629398,0.015653729532509174
0.0012,-0.0049,15.868797719379256,-0.0026967397763077083,0.016524896753758823
0.0013,-0.0049,15.86384338852149,-0.003056831555019378,0.017301159943553954
0.0014,-0.0049,15.858391259528887,-0.0034219215145362895,0.017953259028879814
0.0015,-0.0049,15.852760623414218,-0.0038088136577543274,0.018488533667178043
0.0016,-0.0049,15.846486042481816,-0.0041978573776855896,0.018891279261210224
0.0017,-0.0049,15.84002415407273,-0.0045852413909521755,0.019145619074402653
0.0018,-0.0049,15.833832450244214,-0.004991370202303358,0.019278712914835187
0.0019,-0.0049,15.827076518043603,-0.005394969505034624,0.019285921005091758
0.002,-0.0049,15.82017606419492,-0.0058037336446022676,0.019171277682195405
0.0021,-0.0049,15.813993834529114,-0.006227633218045989,0.0189696843772768
0.0022,-0.0049,15.80828746609905,-0.006660843433573092,0.01870340287865822
0.0023,-0.0049,15.803005858955292,-0.007104545692554234,0.01839366089487173
0.0024,-0.0049,15.798213477500928,-0.00756117366421253,0.018071724526487913
0.0025,-0.0049,15.793492112075612,-0.008022588193854987,0.017761286004761758
0.0026,-0.0049,15.788610911733583,-0.0084907590259364,0.017483836530956795
0.0027,-0.0049,15.783453228752405,-0.00896146459531445,0.0172523701467342
0.0028,-0.0049,15.77792812640147,-0.009429260933581249,0.0170664211706507
0.0029,-0.0049,15.771850599367447,-0.009890984924059971,0.01691737322234594
0.003,-0.0049,15.765306781362622,-0.010341588739864235,0.016787739952328982
0.0031,-0.0049,15.758493136953904,-0.010778203117215755,0.016655585832386455
0.0032,-0.0049,15.751416899385232,-0.011198149845636373,0.01649362511532187
0.0033,-0.0049,15.744441184372807,-0.01160168852746954,0.01627640089419453
0.0034,-0.0049,15.737976265839185,-0.011990765831777182,0.015983321926048438
0.0035,-0.0049,15.73228149560127,-0.0123688128452535,0.01559934263805244
0.0036,-0.0049,15.727585194015667,-0.012741571033798717,0.01511614604834077
0.0037,-0.0049,15.724204278783146,-0.013115852273521396,0.014533081251165399
0.0038,-0.0049,15.7223540269538,-0.013499716963784669,0.013858468747057298
0.0039,-0.0049,15.722119479946725,-0.013901513421616253,0.01310690962614248
0.004,-0.0049,15.723475781758667,-0.014329457121969515,0.01229746761603465
0.0041,-0.0049,15.726302288781884,-0.014790923465471806,0.011451534822723573
0.0042,-0.0049,15.730400623159445,-0.01529248180796659,0.01059089895547104
0.0043,-0.0049,15.735491063312681,-0.01583895523324625,0.00973584580042265
0.0044,-0.0049,15.741248132009968,-0.01643321699053007,0.008903286644702586
0.0045,-0.0049,15.747328740399604,-0.01707626065050522,0.008105584240202383
0.0046,-0.0049,15.753377666045159,-0.01776686474904947,0.007349918375014355
0.0047,-0.0049,15.759058909958048,-0.018501403261350118,0.006638302335765216
0.0048,-0.0049,15.764081904259582,-0.01927440292785009,0.00596748719187098
0.0049,-0.0049,15.76821545502784,-0.020078831486641954,0.005329434844270333
0.005,-0.0049,15.771297255622764,-0.02090585186401111,0.004712702755200542
0.0051,-0.0049,15.773241678709645,-0.021745248146455294,0.0041033541500828784
0.0052,-0.0049,15.774033752056555,-0.022585863830597054,0.0034862253471933374
0.0053,-0.0049,15.773729816614408,-0.02341590238297745,0.0028460488295699573
0.0054,-0.0049,15.772463714940168,-0.024223129739452016,0.0021681476890470625
0.0055,-0.0049,15.77042625642029,-0.024995116755022074,0.0014398591866155957
0.0056,-0.0049,15.7678562628455,-0.02571941072690518,0.0006512050775898705
0.0057,-0.0049,15.765018816559005,-0.026384272457636,-0.00020460114857834912
0.0058,-0.0049,15.762213787806818,-0.026978202912526422,-0.001131349970541941
0.0059,-0.0049,15.759732246929362,-0.027491407087293678,-0.002129065832123907
0.006,-0.0049,15.75786888161546,-0.027914852559175956,-0.003194787737345666
0.0061,-0.0049,15.756924234609256,-0.028240926687717972,-0.004323202753196042
0.0062,-0.0049,15.7571073963261,-0.028463917345026776,-0.005507185388680676
0.0063,-0.0049,15.758698548136067,-0.02857928763988151,-0.0067373918961292365
0.0064,-0.0049,15.760981695038032,-0.02859069251155929,-0.008003282078194413
0.0065,-0.0049,15.765874032344117,-0.028499032565555436,-0.009295087981357947
0.0066,-0.0049,15.77259486502599,-0.028300132862441076,-0.010608106317282269
0.0067,-0.0049,15.779770761313403,-0.028007225204772758,-0.011937608085986998
0.0068,-0.0049,15.789011496160228,-0.027632155279821213,-0.013278915648055343
0.0069,-0.0049,15.799471790124414,-0.027181721959926606,-0.01463154453250905
0.007,-0.0049,15.810706371896515,-0.026670003242292534,-0.01599580876136936
0.0071,-0.0049,15.822687163902298,-0.02611000635508637,-0.017372939540512843
0.0072,-0.0049,15.835311360202919,-0.025511024390082668,-0.018760686763925487
0.0073,-0.0049,15.848030609970507,-0.024879767465051904,-0.020150677734316117
0.0074,-0.0049,15.860447370189693,-0.02421919062123456,-0.021527521872705922
0.0075,-0.0049,15.872324771356853,-0.02352625401350444,-0.02286380349862511
0.0076,-0.0049,15.883788004317193,-0.022790535075947162,-0.024117480546487498
0.0077,-0.0049,15.894684254200978,-0.02199233040106067,-0.025234984055034045
0.0078,-0.0049,15.903922116565752,-0.021112450727856568,-0.02615049589906335
0.0079,-0.0049,15.911564369413295,-0.02013642271203195,-0.0267898266474298
0.008,-0.0049,15.9198292450548,-0.01905260745196659,-0.027102766155020195
0.0081,-0.0049,15.929515099996793,-0.017854449232347327,-0.027069713670855037
0.0082,-0.0049,15.937586220138481,-0.01653284420176244,-0.026679522935867932
0.0083,-0.0049,15.944258871701118,-0.015117132021498548,-0.0259703193854855
0.0084,-0.0049,15.94945778560166,-0.01366721252178971,-0.02504474408468204
0.0085,-0.0049,15.951342586042232,-0.012259934057135184,-0.02407907403712847
0.0086,-0.0049,15.953235071547706,-0.010998756182751531,-0.02338409735249183
0.0087,-0.0049,15.957594307383532,-0.00989814138866034,-0.023206277690903797
0.0088,-0.0049,15.957987446958112,-0.008868538506569114,-0.02317404281420099
0.0089,-0.0049,15.946971108841254,-0.007968776519674127,-0.022803106946979068
0.009,-0.0049,15.952413850177674,-0.00717956832098059,-0.0225558714055335
0.0091,-0.0049,15.949477419530915,-0.006177883023232992,-0.02206664344527761
0.0092,-0.0049,15.942893654666664,-0.005353485093823543,-0.020969149662460475
0.0093,-0.0049,15.945139651772925,-0.004383967755754461,-0.018944284885533257
0.0094,-0.0049,15.9359329662228,-0.0032308088525024896,-0.01590714447441398
0.0095,-0.0049,15.928545016519244,-0.002309961362576494,-0.012764931556159312
0.0096,-0.0049,15.916788512436543,-0.0014457320446489505,-0.009749006612313439
0.0097,-0.0049,15.90499162273853,-0.0008219285256403834,-0.007013586307386735
0.0098,-0.0049,15.892323150531606,-0.00037844620461850536,-0.004565513058849642
0.0099,-0.0049,15.882473089070947,-0.00011971219985835085,-0.0022673170275144634
0.01,-0.0049,0.0,0.0,0.0
0.0,-0.0048,0.0,0.0,0.0
0.0001,-0.0048,15.895280983376303,-3.418905956491492e-05,0.002147302391530462
0.0002,-0.0048,15.892346630166289,-0.00010466642789098225,0.004152065354121549
0.0003,-0.0048,15.888810968584817,-0.00020783078893260763,0.006038329407853961
0.0004,-0.0048,15.88553546663258,-0.00034255327681094146,0.0077893165454219135
0.0005,-0.0048,15.882287828719232,-0.000514951785538029,0.00936839060835367
0.0006,-0.0048,15.879076833117391,-0.0007320711386173443,0.01075617196724129
0.0007,-0.0048,15.87586104562727,-0.0009902700356734407,0.011971889322425806
0.0008,-0.0048,15.872574703914022,-0.001285152761936973,0.013064550498782015
0.0009,-0.0048,15.869091343958623,-0.0016026016857455796,0.014083775763708214
0.001,-0.0048,15.865467390925195,-0.0019300528590639643,0.015060571952623565
0.0011,-0.0048,15.861594559449687,-0.0022662239513016125,0.015997559008852476
0.0012,-0.0048,15.857287169413592,-0.0026070461379640135,0.016874064711943797
0.0013,-0.0048,15.852430462799417,-0.0029552590712313737,0.01765690590284039
0.0014,-0.0048,15.8471174130642,-0.003313439703282072,0.018322900500712835
0.0015,-0.0048,15.841629777415145,-0.003687527429664435,0.018873840550947145
0.0016,-0.0048,15.835097946880985,-0.00406794393399381,0.01928638322545692
0.0017,-0.0048,15.828364672424001,-0.0044435771210053305,0.01955865218077271
0.0018,-0.0048,15.82221201145443,-0.004838510029581231,0.019691697997128766
0.0019,-0.0048,15.81551653918144,-0.005241097404473536,0.019690155207660508
0.002,-0.0048,15.808903287305176,-0.005642656819569167,0.019587507595610194
0.0021,-0.0048,15.802566952317424,-0.006064269236100848,0.019397082245193653
0.0022,-0.0048,15.796564351029497,-0.006498254856533225,0.019140341384761932
0.0023,-0.0048,15.791274291771623,-0.006940029479216061,0.018841394432676014
0.0024,-0.0048,15.786153017827436,-0.007392149577633788,0.018527584530485457
0.0025,-0.0048,15.781199095842878,-0.007850196197994232,0.01822479740996142
0.0026,-0.0048,15.776174381351883,-0.008311151077175682,0.01795162793087077
0.0027,-0.0048,15.77075167913925,-0.008772607004440668,0.017718277802814156
0.0028,-0.0048,15.765001683547181,-0.009231156653680687,0.017527185697513117
0.0029,-0.0048,15.758816510554604,-0.00968160915042342,0.017368366488915543
0.003,-0.0048,15.752305564937968,-0.010120446584392448,0.01722591648625513
0.0031,-0.0048,15.745419156087676,-0.010546144384841218,0.017078652883256516
0.0032,-0.0048,15.73840977310425,-0.010957529111183596,0.016900950614552778
0.0033,-0.0048,15.731649015828669,-0.011356106901445152,0.016670101945646856
0.0034,-0.0048,15.725387889156245,-0.011744844290897574,0.01636718585393729
0.0035,-0.0048,15.719826983550211,-0.01212876407593122,0.015978340061228415
0.0036,-0.0048,15.71519233064223,-0.01251460339930519,0.01549640561375502
0.0037,-0.0048,15.711841514216731,-0.012910014368926545,0.01492268815869283
0.0038,-0.0048,15.709906610087197,-0.013322970086819562,0.01426584283329004
0.0039,-0.0048,15.709407979371463,-0.013761776752481454,0.013540304034786628
0.004,-0.0048,15.710287040065483,-0.014234018541766272,0.01276439505189528
0.0041,-0.0048,15.712409633309575,-0.014746284387753947,0.011958516237248668
0.0042,-0.0048,15.71555015188523,-0.015303857715772024,0.011143060557046133
0.0043,-0.0048,15.719411570278643,-0.015910155200720137,0.01033646508338239
0.0044,-0.0048,15.723668357311963,-0.01656668432795717,0.009553603722128191
0.0045,-0.0048,15.727977577620962,-0.017273033602749198,0.008804812551338692
0.0046,-0.0048,15.732000075774478,-0.018026646134397906,0.008095127298262873
0.0047,-0.0048,15.735430054853355,-0.018823048681841897,0.0074242807259394025
0.0048,-0.0048,15.738006717409956,-0.019655729488873248,0.006787369164585911
0.0049,-0.0048,15.739533697741967,-0.020516658519650403,0.0061750925267989795
0.005,-0.0048,15.739889293325827,-0.02139683316499363,0.005574442590391309
0.0051,-0.0048,15.73902175189407,-0.022286083456367758,0.004970484397339782
0.0052,-0.0048,15.736965351238238,-0.023173313776178543,0.004347101101859889
0.0053,-0.0048,15.733824498485566,-0.024047094654758898,0.0036887216740205393
0.0054,-0.0048,15.729776329191436,-0.024895805073785478,0.002980914989069442
0.0055,-0.0048,15.725051883112144,-0.02570757528937372,0.0022107170257255697
0.0056,-0.0048,15.719929910088164,-0.02647062548205048,0.0013681634942479017
0.0057,-0.0048,15.714718372387766,-0.02717365641425411,0.00044684251680767524
0.0058,-0.0048,15.709734087240241,-0.027806329905449546,-0.0005558115571567471
0.0059,-0.0048,15.705319646826915,-0.028359032380643284,-0.0016387615227157477
0.006,-0.0048,15.70178952467634,-0.02882244407692789,-0.002798148098334076
0.0061,-0.0048,15.69946019025734,-0.029188080736365356,-0.004027535527999625
0.0062,-0.0048,15.698567098825764,-0.02945031997318339,-0.00531719925494945
0.0063,-0.0048,15.699391700402058,-0.029605355475938965,-0.006655061001087112
0.0064,-0.0048,15.701943906806147,-0.029651863207072485,-0.00803025198074743
0.0065,-0.0048,15.706623395306343,-0.029589864906989262,-0.00942922350133295
0.0066,-0.0048,15.713741791706923,-0.029417980137070268,-0.010842998766518907
0.0067,-0.0048,15.722637421722448,-0.029141542549818964,-0.012266859008861711
0.0068,-0.0048,15.733144954426706,-0.028771306689470887,-0.013693746341982636
0.0069,-0.0048,15.745548915135705,-0.028316807159998486,-0.015120331949126304
0.007,-0.0048,15.759579730371009,-0.027788409149867094,-0.016546473507696738
0.0071,-0.0048,15.774648929856577,-0.027198168361737364,-0.01797338427153401
0.0072,-0.0048,15.79050483940575,-0.02655808666737887,-0.01940089371345609
0.0073,-0.0048,15.806718217075257,-0.025878518702610265,-0.020824667065469545
0.0074,-0.0048,15.82318323731265,-0.025164885914268433,-0.022233248353194457
0.0075,-0.0048,15.839288070125411,-0.024415153981795522,-0.023604824335884192
0.0076,-0.0048,15.85441412461779,-0.023626007377975225,-0.02490447343533877
0.0077,-0.0048,15.869062557015983,-0.022786015615233156,-0.026083630887762
0.0078,-0.0048,15.882801979026038,-0.021873151335435114,-0.027082074531980305
0.0079,-0.0048,15.894277702694227,-0.020868984261626082,-0.027828072851428895
0.008,-0.0048,15.903862799472419,-0.01976302259322662,-0.028252864269927222
0.0081,-0.0048,15.914788037435157,-0.018558906405916852,-0.028326421871591234
0.0082,-0.0048,15.926316854344838,-0.017244503874707152,-0.0280481078616871
0.0083,-0.0048,15.934701572960176,-0.015815444412728454,-0.027426140685661276
0.0084,-0.0048,15.940215199594197,-0.014340923683645467,-0.02652901095517715
0.0085,-0.0048,15.943309042568709,-0.012882902760496103,-0.02550317929631411
0.0086,-0.0048,15.94590627926552,-0.011516527534808413,-0.02461613888895397
0.0087,-0.0048,15.950588690749878,-0.010297581506027751,-0.024188582294532072
0.0088,-0.0048,15.950901916108323,-0.009231546305370602,-0.024095704939368467
0.0089,-0.0048,15.944059160163778,-0.008247870579302465,-0.023746922023733068
0.009,-0.0048,15.947387093490406,-0.007319508415504877,-0.02334213825074122
0.0091,-0.0048,15.949405683600032,-0.00637960537950844,-0.02271845272831033
0.0092,-0.0048,15.948461365046048,-0.005534328895228412,-0.0217912329416789
0.0093,-0.0048,15.94407213749375,-0.004524766363519028,-0.019984391261541883
0.0094,-0.0048,15.932697611949125,-0.0034003177059098192,-0.016944153450357227
0.0095,-0.0048,15.924489584520977,-0.002435515152951326,-0.013701984908497378
0.0096,-0.0048,15.912722562106458,-0.0015411681954250337,-0.010513939911535188
0.0097,-0.0048,15.900362659351062,-0.000873307921495717,-0.0075649314680766916
0.0098,-0.0048,15.887269048097211,-0.000404492851072085,-0.0049188717081299375
0.0099,-0.0048,15.876815678801778,-0.00012596121144782839,-0.002438857261677116
0.01,-0.0048,0.0,0.0,0.0
0.0,-0.0047,0.0,0.0,0.0
0.0001,-0.0047,15.8831821199439,-3.5560365458165105e-05,0.0021956966430599434
0.0002,-0.0047,15.880374718502702,-0.00010281856028926464,0.004236254046090801
0.0003,-0.0047,15.87684954585586,-0.00020183839067096975,0.0061534578691647334
0.0004,-0.0047,15.873593715681556,-0.00033193852048249737,0.007938305644582942
0.0005,-0.0047,15.870390481962982,-0.0004976369753428125,0.009558091882022581
0.0006,-0.0047,15.867232287257716,-0.0007022799998189903,0.010990487481415642
0.0007,-0.0047,15.864071309372306,-0.0009505703410312983,0.012245507698659725
0.0008,-0.0047,15.860774156402682,-0.0012358085334514427,0.013367349580377809
0.0009,-0.0047,15.857310416524928,-0.0015407733671441541,0.014404431191455451
0.001,-0.0047,15.853740374572414,-0.0018598195194300022,0.015389452872450912
0.0011,-0.0047,15.849905424907943,-0.0021862919623290046,0.01633092073947393
0.0012,-0.0047,15.845634474392671,-0.0025169313395874884,0.017211872681738974
0.0013,-0.0047,15.840866433278304,-0.002853391768184779,0.018002305012345052
0.0014,-0.0047,15.83564224118654,-0.003199496673272895,0.018682266931051697
0.0015,-0.0047,15.830062848241093,-0.0035555440902025085,0.01923460693033675
0.0016,-0.0047,15.822822062846697,-0.003931023178173284,0.019651547323418065
0.0017,-0.0047,15.815645111181281,-0.004304894647641385,0.0199400580112852
0.0018,-0.0047,15.810473883518371,-0.00468864219546446,0.02007790251070031
0.0019,-0.0047,15.804207795334847,-0.00508028595161587,0.02008655077657487
0.002,-0.0047,15.797172818948347,-0.005474661219539307,0.02000134133788087
0.0021,-0.0047,15.790692872811732,-0.0058936665714497075,0.019823678146356292
0.0022,-0.0047,15.784680428684316,-0.006325374011887184,0.019576787111644515
0.0023,-0.0047,15.779444484109783,-0.006766052808421515,0.019288248319070545
0.0024,-0.0047,15.774228266516886,-0.007209241551249097,0.018981075600309667
0.0025,-0.0047,15.768938278611138,-0.007660340510883428,0.01868163815297394
0.0026,-0.0047,15.763558816693306,-0.008114633238419664,0.01841028778193112
0.0027,-0.0047,15.758000098021684,-0.008566779330384229,0.018174942175890236
0.0028,-0.0047,15.752036835638597,-0.009014954433308325,0.017976932991621983
0.0029,-0.0047,15.745751811293605,-0.009454449600278527,0.017807919170531587
0.003,-0.0047,15.739202230252069,-0.009882817650382085,0.01765366761912525
0.0031,-0.0047,15.732305105679007,-0.010298213556094936,0.01749239355346689
0.0032,-0.0047,15.725393315841243,-0.010701827204377696,0.01730167611699311
0.0033,-0.0047,15.718747537801173,-0.01109612030717123,0.017061427033950503
0.0034,-0.0047,15.712529568114936,-0.011485081654135827,0.016753926878821872
0.0035,-0.0047,15.70694327458153,-0.011874860762586854,0.016366288893102383
0.0036,-0.0047,15.702287600581172,-0.012272715131957344,0.015892772401977638
0.0037,-0.0047,15.698788661590553,-0.0126867314933414,0.015335773455385577
0.0038,-0.0047,15.69654630451102,-0.013124852656868281,0.014703998188094704
0.0039,-0.0047,15.69553807054395,-0.01359494458489059,0.014011232245704329
0.004,-0.0047,15.695686247329048,-0.01410394746158883,0.013274901438236428
0.0041,-0.0047,15.696831627953552,-0.014657506651103587,0.012514078823741538
0.0042,-0.0047,15.698735476032683,-0.015259724151045914,0.011747407579881743
0.0043,-0.0047,15.701101951987937,-0.01591271112620628,0.0109914165431588
0.0044,-0.0047,15.70360820496106,-0.016616552311460475,0.010259099307533132
0.0045,-0.0047,15.705915865976934,-0.017369646260570942,0.009558713702012398
0.0046,-0.0047,15.707702702145976,-0.018168244816904044,0.008893458007733822
0.0047,-0.0047,15.7087007201768,-0.01900711086247813,0.008261242809264305
0.0048,-0.0047,15.708681558872566,-0.01987937417828804,0.007655346283930913
0.0049,-0.0047,15.707479427865996,-0.020776497701990304,0.007065326879030412
0.005,-0.0047,15.70501520057669,-0.021689168347299035,0.006477440735967708
0.0051,-0.0047,15.701278484227544,-0.02260764772510242,0.005875870607371721
0.0052,-0.0047,15.696346889395118,-0.023521411857409642,0.005243917556708998
0.0053,-0.0047,15.69036309821137,-0.024419266184925494,0.004566012239284896
0.0054,-0.0047,15.683521315505038,-0.025290669290673473,0.0038268497218026517
0.0055,-0.0047,15.676099487615295,-0.026125144660814024,0.0030132577872707352
0.0056,-0.0047,15.668427722294235,-0.026911540967240723,0.0021163793127991016
0.0057,-0.0047,15.660831106797033,-0.02763992266740123,0.0011307140489427289
0.0058,-0.0047,15.653661798100137,-0.02830126545686011,5.4338932159137985e-05
0.0059,-0.0047,15.647285871503549,-0.0288853576733781,-0.001111941093112967
0.006,-0.0047,15.642055843993479,-0.029382579952350753,-0.002363884712314298
0.0061,-0.0047,15.638293186367898,-0.029785838084001457,-0.0036924909564115408
0.0062,-0.0047,15.636281431852437,-0.030089750831702997,-0.005086015511092555
0.0063,-0.0047,15.63629096531536,-0.030289159865029912,-0.006531556007398669
0.0064,-0.0047,15.638523624649515,-0.03038019657511945,-0.008015992190977726
0.0065,-0.0047,15.643126650516304,-0.030361190130355913,-0.009526068343661888
0.0066,-0.0047,15.650310888944338,-0.03023154575615232,-0.011049121381746095
0.0067,-0.0047,15.660061965014682,-0.02999399444245591,-0.012574446982613511
0.0068,-0.0047,15.672154452205705,-0.029654259336870863,-0.014094762274195819
0.0069,-0.0047,15.686206340961714,-0.02922086816222717,-0.015605524482445326
0.007,-0.0047,15.702308605836043,-0.02870490015482859,-0.017104942997659717
0.0071,-0.0047,15.720306230129523,-0.028116264636536166,-0.018593395959110644
0.0072,-0.0047,15.73952962616662,-0.0274651532189458,-0.0200710795674577
0.0073,-0.0047,15.759315902691423,-0.026763516461200273,-0.021536899166617197
0.0074,-0.0047,15.779547029928821,-0.026020674053431975,-0.02298304599281666
0.0075,-0.0047,15.79995509944498,-0.025237497551374045,-0.024392442895329724
0.0076,-0.0047,15.81956011167802,-0.024411151575461105,-0.025736242576398425
0.0077,-0.0047,15.838118923251473,-0.023536920745924166,-0.026971165893535622
0.0078,-0.0047,15.856049437699829,-0.02260039044782849,-0.028041243277967177
0.0079,-0.0047,15.872427186748336,-0.021578554750161377,-0.028880654277685314
0.008,-0.0047,15.88542150175257,-0.02045693826941272,-0.029414996106749313
0.0081,-0.0047,15.897345643841621,-0.01923688716908789,-0.02959101647480305
0.0082,-0.0047,15.910960386434596,-0.017918792602782996,-0.02941134459843878
0.0083,-0.0047,15.922008108751355,-0.016500535493244033,-0.02888416341031683
0.0084,-0.0047,15.930870957412067,-0.015013777495005778,-0.028049294786672587
0.0085,-0.0047,15.937618727165102,-0.013501956495640474,-0.027011266021231828
0.0086,-0.0047,15.9401919538409,-0.012051410662894115,-0.025977326003651012
0.0087,-0.0047,15.943995438691765,-0.010742992064657753,-0.02530147625303103
0.0088,-0.0047,15.946675221329869,-0.009626382778066038,-0.02513017598259909
0.0089,-0.0047,15.943602362702512,-0.008514828607879416,-0.024913378506383095
0.009,-0.0047,15.934327840876206,-0.007501504043078763,-0.024303212712451602
0.0091,-0.0047,15.937425583259987,-0.006622636297023891,-0.023446986751687902
0.0092,-0.0047,15.94099974035384,-0.005655538210992029,-0.022604549096587073
0.0093,-0.0047,15.933799742170866,-0.004694103178273313,-0.02096199604340659
0.0094,-0.0047,15.92865562716628,-0.003627776065084274,-0.018028455053187432
0.0095,-0.0047,15.920269387636678,-0.0025526572124991683,-0.014688513540225583
0.0096,-0.0047,15.909230920275068,-0.0016411547460466907,-0.011316499024029524
0.0097,-0.0047,15.89621141349953,-0.0009223142516252075,-0.008150652168706678
0.0098,-0.0047,15.882751040383958,-0.00043378752445012074,-0.005295839477451521
0.0099,-0.0047,15.871546189665462,-0.00013476115227390784,-0.00262249921403134
0.01,-0.0047,0.0,0.0,0.0
0.0,-0.0046,0.0,0.0,0.0
0.0001,-0.0046,15.870820187479778,-3.655350368250324e-05,0.0022430367829720612
0.0002,-0.0046,15.868133842127397,-0.00010011532308087226,0.004319121718636997
0.0003,-0.0046,15.86464615177917,-0.0001949606667933507,0.006265292366694554
0.0004,-0.0046,15.861442326026845,-0.0003202847001078187,0.008081268184618597
0.0005,-0.0046,15.858285273330152,-0.000478941014388998,0.0097382162660096
0.0006,-0.0046,15.855187960000201,-0.0006728218579561945,0.011212755027365252
0.0007,-0.0046,15.852077900924124,-0.0009105535626871829,0.012508035681011333
0.0008,-0.0046,15.84878484803709,-0.0011851722114168462,0.013659531799261784
0.0009,-0.0046,15.845369695758112,-0.0014786152746897917,0.014714767412422423
0.001,-0.0046,15.841850117879694,-0.0017888764889135481,0.01570900013886683
0.0011,-0.0046,15.838053613579236,-0.0021058181806513174,0.01665450768086286
0.0012,-0.0046,15.833826854576564,-0.0024272419552894557,0.017539248971040665
0.0013,-0.0046,15.829184212411024,-0.0027522724258299365,0.018336827235681467
0.0014,-0.0046,15.824058162663015,-0.0030933624593333306,0.019033036370311424
0.0015,-0.0046,15.819226319469145,-0.003427664120810253,0.019602529872005656
0.0016,-0.0046,15.811783533728612,-0.0037824842424538964,0.02001053274914689
0.0017,-0.0046,15.804250543950511,-0.004157544256578086,0.020287778501991812
0.0018,-0.0046,15.799709500393751,-0.00453349697769408,0.020444464582281954
0.0019,-0.0046,15.792822971294395,-0.00490806830916281,0.02047720157686801
0.002,-0.0046,15.785113478851073,-0.0052991388645380055,0.020408755435784926
0.0021,-0.0046,15.778694251351872,-0.005718960305600442,0.020245610557522695
0.0022,-0.0046,15.772713117783189,-0.006141660592098863,0.02000816021370593
0.0023,-0.0046,15.767241911964764,-0.006578532860887272,0.019726279299804337
0.0024,-0.0046,15.761992911687637,-0.007015199957650497,0.019427858438924053
0.0025,-0.0046,15.756624302065214,-0.007456078019718735,0.0191330489742761
0.0026,-0.0046,15.750954051847694,-0.007900316094829989,0.01886050690216472
0.0027,-0.0046,15.74513164451623,-0.00834380357180801,0.018621788418253148
0.0028,-0.0046,15.739032486195695,-0.008781321897375753,0.018415992447486047
0.0029,-0.0046,15.7326984052234,-0.00920979055973227,0.018236594302993164
0.003,-0.0046,15.726003049962447,-0.009627580893165266,0.018070018820121124
0.0031,-0.0046,15.71911522850938,-0.010033437073236886,0.01789631514993012
0.0032,-0.0046,15.712317661464768,-0.010429570507311962,0.01769617466885885
0.0033,-0.0046,15.705698337886405,-0.010819222052208841,0.017450629403456052
0.0034,-0.0046,15.699397953358941,-0.011207698201092946,0.017143004966294638
0.0035,-0.0046,15.693694541371542,-0.011601645605760564,0.016761707413166023
0.0036,-0.0046,15.688864795198155,-0.012008777223217618,0.01630259747885464
0.0037,-0.0046,15.685048716354274,-0.012437079053336693,0.015768237100036008
0.0038,-0.0046,15.682282709845088,-0.012894464984515679,0.015167072122337512
0.0039,-0.0046,15.68054743194404,-0.013388199726242916,0.014512096239240232
0.004,-0.0046,15.679744542007798,-0.013924462592529347,0.013819509405000282
0.0041,-0.0046,15.679687117100931,-0.014507946341190446,0.013106785130225753
0.0042,-0.0046,15.680135404312292,-0.015141625608037066,0.01239076434883372
0.0043,-0.0046,15.68080216172877,-0.01582642920719425,0.011685993911321697
0.0044,-0.0046,15.681369115514384,-0.016561365828030684,0.01100342643855142
0.0045,-0.0046,15.681516733509742,-0.017343609385491572,0.010349599843123995
0.0046,-0.0046,15.680946448439931,-0.01816853541442968,0.009726022663335703
0.0047,-0.0046,15.679419520476115,-0.01903015268822076,0.009129166426991011
0.0048,-0.0046,15.676737397482261,-0.01992138020242637,0.008550947293329138
0.0049,-0.0046,15.67277056332187,-0.02083394041935579,0.007979524080421813
0.005,-0.0046,15.6674786483142,-0.021758551076071213,0.007400506341751989
0.0051,-0.0046,15.660886217305292,-0.022685549738632262,0.006798027507551666
0.0052,-0.0046,15.653115095386514,-0.02360509018289851,0.006154047631190966
0.0053,-0.0046,15.644322399955886,-0.024508668636539513,0.005453261339859536
0.0054,-0.0046,15.634752477895951,-0.025385608439080186,0.004683038266069459
0.0055,-0.0046,15.624756725350363,-0.026224804603817427,0.003828631835629891
0.0056,-0.0046,15.614633434492568,-0.027018682418689224,0.002880706769287261
0.0057,-0.0046,15.604713905508168,-0.027759978212960643,0.0018353380631856361
0.0058,-0.0046,15.595418613247858,-0.02843821729073007,0.0006889360673669014
0.0059,-0.0046,15.587139498367623,-0.029042772369153973,-0.000557479563923009
0.006,-0.0046,15.580226265468761,-0.029566763751569695,-0.0018967905475493702
0.0061,-0.0046,15.575024329483412,-0.03000426844506858,-0.003318698540231314
0.0062,-0.0046,15.571845696640509,-0.030349144899831964,-0.004811331201575317
0.0063,-0.0046,15.57097940533539,-0.0305947419376594,-0.0063614345375456426
0.0064,-0.0046,15.572655950230855,-0.030736060708729133,-0.007954144820537884
0.0065,-0.0046,15.576984965263161,-0.030770112457518713,-0.009573880555044677
0.0066,-0.0046,15.584102700908842,-0.030695491541825794,-0.01120588545289426
0.0067,-0.0046,15.594148463498513,-0.030513519928254622,-0.012837273930045379
0.0068,-0.0046,15.607262850526748,-0.030226450849648423,-0.014457780041828369
0.0069,-0.0046,15.622931824019018,-0.02983933861211888,-0.016060724502855263
0.007,-0.0046,15.64085400202557,-0.029361962259890417,-0.017642622781503536
0.0071,-0.0046,15.661120945102017,-0.028803642764601855,-0.019202706433948415
0.0072,-0.0046,15.683263021667734,-0.028173250380830846,-0.020741767249056194
0.0073,-0.0046,15.70670527102179,-0.027480700611061018,-0.022259447847419785
0.0074,-0.0046,15.730748658720056,-0.026735312711280004,-0.023750911023247667
0.0075,-0.0046,15.755055642894593,-0.025943188819371056,-0.025203828239559176
0.0076,-0.0046,15.77918448945949,-0.02510398135914975,-0.026594307613298746
0.0077,-0.0046,15.802352516322687,-0.02421262209963903,-0.027884004078570376
0.0078,-0.0046,15.824268584352533,-0.02326156368560922,-0.029021117877877953
0.0079,-0.0046,15.845246851604907,-0.0222346285240101,-0.029944161209336278
0.008,-0.0046,15.86366323930261,-0.021111835429780287,-0.030582895541786944
0.0081,-0.0046,15.878437290191293,-0.0198835038353445,-0.030867937025439312
0.0082,-0.0046,15.893312780362375,-0.01855739745512488,-0.03077855480357111
0.0083,-0.0046,15.908989069723109,-0.017148932416999035,-0.03033864451199165
0.0084,-0.0046,15.92064271036232,-0.015644047459146056,-0.02956978220069903
0.0085,-0.0046,15.9277692945409,-0.014105868923145838,-0.028543440645219124
0.0086,-0.0046,15.931503380358176,-0.012606843365115998,-0.027427073831577716
0.0087,-0.0046,15.934604533894014,-0.011221894772377432,-0.02651347840747909
0.0088,-0.0046,15.942096833584438,-0.0100209979958177,-0.026168548518220015
0.0089,-0.0046,15.944944045828914,-0.008828991387993946,-0.026041375232278566
0.009,-0.0046,15.930440100775995,-0.007820802951505331,-0.025403672547904453
0.0091,-0.0046,15.93485661142559,-0.006878680377923538,-0.024531368855432435
0.0092,-0.0046,15.93209625795829,-0.005704117279329522,-0.02363285648258045
0.0093,-0.0046,15.921379057504636,-0.004830692330106528,-0.021992725152667515
0.0094,-0.0046,15.92440601288759,-0.0038254355900896675,-0.019200619643068753
0.0095,-0.0046,15.916194732274802,-0.002652274990143133,-0.015728634868807594
0.0096,-0.0046,15.906230436711818,-0.001740722144485697,-0.012152846688117506
0.0097,-0.0046,15.892582308713221,-0.0009695102608451146,-0.008770377195603436
0.0098,-0.0046,15.878745919697959,-0.0004649765070746355,-0.0056974048308352674
0.0099,-0.0046,15.866650753073985,-0.00014697584510316294,-0.002820353705018905
0.01,-0.0046,0.0,0.0,0.0
0.0,-0.0045,0.0,0.0,0.0
0.0001,-0.0045,15.85820474044447,-3.567410656610338e-05,0.0022886603797442995
0.0002,-0.0045,15.855599492587842,-9.621942323616909e-05,0.00439953512286203
0.0003,-0.0045,15.85217392629562,-0.00018745094516832737,0.006373042463320988
0.0004,-0.0045,15.849059276033534,-0.0003084727513079036,0.008217960596857202
0.0005,-0.0045,15.845984837287542,-0.0004579855279462829,0.009909813868466646
0.0006,-0.0045,15.842951652693769,-0.0006440406111321889,0.011422991689525349
0.0007,-0.0045,15.839876356999028,-0.000871675623321125,0.0127580075821409
0.0008,-0.0045,15.836611527605971,-0.0011326733210634632,0.013940925424760622
0.0009,-0.0045,15.833270681855339,-0.0014164355904501278,0.015014903907291082
0.001,-0.0045,15.829796919315612,-0.0017177735146601553,0.01601896485146101
0.0011,-0.0045,15.826049028930955,-0.0020254608596059235,0.016968623894900094
0.0012,-0.0045,15.821873144240763,-0.0023381691677296975,0.017857062449523668
0.0013,-0.0045,15.817356946198256,-0.0026512269055137356,0.0186628387388268
0.0014,-0.0045,15.812038764141297,-0.0029832258541637874,0.01937025802120074
0.0015,-0.0045,15.806636559134486,-0.0032996559260791225,0.019940173519117615
0.0016,-0.0045,15.800654038689839,-0.0036536927471844944,0.020366847011872604
0.0017,-0.0045,15.794657906972787,-0.004007926712751698,0.020668652542334777
0.0018,-0.0045,15.788957209837966,-0.0043506875910509415,0.020824067214765797
0.0019,-0.0045,15.781079915904346,-0.004726443031659555,0.02086031280498365
0.002,-0.0045,15.772962505666477,-0.005118506859893719,0.0208078764568654
0.0021,-0.0045,15.766508722468961,-0.005539987001433775,0.020660023764401934
0.0022,-0.0045,15.760979999128212,-0.005953056916205918,0.02043137338543521
0.0023,-0.0045,15.755437952824336,-0.006376062032595831,0.020154796113103373
0.0024,-0.0045,15.749725322900979,-0.006804308641686853,0.019861902966501633
0.0025,-0.0045,15.744046129380902,-0.007236882582045496,0.019572388750732334
0.0026,-0.0045,15.738260273749981,-0.007670615845275695,0.019300892379182283
0.0027,-0.0045,15.73222008853335,-0.008103712327249976,0.019057464997402657
0.0028,-0.0045,15.726034463574104,-0.008530261673642054,0.01884351635932106
0.0029,-0.0045,15.719604739963215,-0.0089477129159929,0.018654023506142127
0.003,-0.0045,15.712835426139739,-0.009354287166943724,0.018475393810652684
0.0031,-0.0045,15.706013347475483,-0.009750420490253,0.018291470525494857
0.0032,-0.0045,15.69919410739845,-0.010138349223760225,0.01808473393900421
0.0033,-0.0045,15.69243817810428,-0.010522407912837367,0.017836899700318532
0.0034,-0.0045,15.685954853477822,-0.010908528844281638,0.017532474700167815
0.0035,-0.0045,15.680056493591266,-0.011303847542923828,0.017161886026902686
0.0036,-0.0045,15.674915376844146,-0.011716007252441183,0.016721712376415586
0.0037,-0.0045,15.670614839599155,-0.012152951768375553,0.01621441811448592
0.0038,-0.0045,15.667161599284183,-0.012622252033997286,0.01564771751942473
0.0039,-0.0045,15.664527173071239,-0.013130635986539,0.015033671555046547
0.004,-0.0045,15.66259746082988,-0.013683435759816065,0.014387084316112634
0.0041,-0.0045,15.661172854435362,-0.01428438293571108,0.013723730067949974
0.0042,-0.0045,15.660013989001557,-0.014935387362492189,0.013058575767982975
0.0043,-0.0045,15.658840685993551,-0.015636397557289326,0.012404170908896237
0.0044,-0.0045,15.657350175645705,-0.016385487475517612,0.011769535563413251
0.0045,-0.0045,15.65525002664882,-0.01717902702762495,0.011159398030807292
0.0046,-0.0045,15.652272606362878,-0.018011699731490204,0.010573797107369587
0.0047,-0.0045,15.648200620273517,-0.018876881699183216,0.010008192108192213
0.0048,-0.0045,15.642865908813373,-0.019767433613000027,0.009453540383510175
0.0049,-0.0045,15.63617691734926,-0.020675318416032498,0.0088972796538721
0.005,-0.0045,15.628132235388604,-0.021592142382726304,0.008324259131651147
0.0051,-0.0045,15.618811448113037,-0.022509802342130972,0.007718821640123927
0.0052,-0.0045,15.608348612334272,-0.02341610006013341,0.007067235928429673
0.0053,-0.0045,15.596886892822804,-0.024307881464082345,0.006351454432244378
0.0054,-0.0045,15.584748740822416,-0.025169410420645837,0.005545437474287712
0.0055,-0.0045,15.57229362293028,-0.02599380018841198,0.004644127883247616
0.0056,-0.0045,15.559792498796137,-0.026785416682952125,0.0036496544306450157
0.0057,-0.0045,15.54767332518259,-0.027527266462680434,0.0025485622962008576
0.0058,-0.0045,15.536400518710593,-0.028207951194156925,0.0013353971220000718
0.0059,-0.0045,15.52632330636409,-0.028822218551624118,1.5684252182442647e-05
0.006,-0.0045,15.51778953539292,-0.029365673172114713,-0.0014022778493369863
0.0061,-0.0045,15.511161880357065,-0.029832081816624396,-0.0029092708669675588
0.0062,-0.0045,15.506777286375938,-0.030214315831538496,-0.004493871242453963
0.0063,-0.0045,15.50493859298287,-0.030505368965968813,-0.006142058479288482
0.0064,-0.0045,15.505894269199052,-0.030699834720352776,-0.007837429280844988
0.0065,-0.0045,15.509827440361356,-0.030793568317021718,-0.00956283593957691
0.0066,-0.0045,15.516865695141046,-0.030783483415195517,-0.01130176382682304
0.0067,-0.0045,15.527083899906101,-0.030668928183024274,-0.013038982621591576
0.0068,-0.0045,15.540543396779555,-0.030450841328964348,-0.014761901044579731
0.0069,-0.0045,15.557216097858369,-0.030131861182731357,-0.016461670392220237
0.007,-0.0045,15.576780300785419,-0.02971744338164728,-0.018132674743041366
0.0071,-0.0045,15.598928320306905,-0.029214892787697476,-0.01977304964057477
0.0072,-0.0045,15.623430817410293,-0.028632800463952432,-0.02138306078645726
0.0073,-0.0045,15.649860220381413,-0.027979674279535245,-0.022962598440296036
0.0074,-0.0045,15.677593560699071,-0.027263046807838774,-0.02450900070428915
0.0075,-0.0045,15.705864392991767,-0.026489126218640465,-0.026013087188929366
0.0076,-0.0045,15.734137210034374,-0.02566132878532605,-0.027455448617292023
0.0077,-0.0045,15.761902830988209,-0.02477714538514073,-0.028802973002428702
0.0078,-0.0045,15.788455971781495,-0.023829352380651616,-0.030007792564836926
0.0079,-0.0045,15.813534452720734,-0.022807355252984447,-0.031010505138117133
0.008,-0.0045,15.836965289766363,-0.021697895648686766,-0.0317441640341434
0.0081,-0.0045,15.857132846276325,-0.020479708021805394,-0.03214022608192373
0.0082,-0.0045,15.873940697868715,-0.019150040372393682,-0.03214539093346016
0.0083,-0.0045,15.891382868079685,-0.017738561663203724,-0.031786136510798896
0.0084,-0.0045,15.905883615470717,-0.016249818073470583,-0.031098561892458465
0.0085,-0.0045,15.917039507026423,-0.014707543918638162,-0.030124767733578063
0.0086,-0.0045,15.92500883187063,-0.013158826360536308,-0.028975008617000607
0.0087,-0.0045,15.929473594925613,-0.011695980391461927,-0.027882109419262505
0.0088,-0.0045,15.935593880302305,-0.01038227692114119,-0.027277193202153528
0.0089,-0.0045,15.93905195913938,-0.00917865821832313,-0.02708997672903196
0.009,-0.0045,15.92974912575838,-0.008165633449908517,-0.026497798163160568
0.0091,-0.0045,15.937373112109087,-0.007081446737335032,-0.025678451610901598
0.0092,-0.0045,15.932699747759745,-0.005845675257057088,-0.02466528884771116
0.0093,-0.0045,15.91993340077405,-0.004990719043576491,-0.023066414556538593
0.0094,-0.0045,15.921880982539221,-0.003927142547777882,-0.0204361356903996
0.0095,-0.0045,15.91331759843776,-0.0027371614781466296,-0.016789220311563123
0.0096,-0.0045,15.903772709626972,-0.0018313711217754535,-0.013018011944852127
0.0097,-0.0045,15.88956807898591,-0.0010169085321457534,-0.009422557193564246
0.0098,-0.0045,15.875242021420906,-0.0004942271824136528,-0.006121884590020735
0.0099,-0.0045,15.862227246085906,-0.00015990829644855326,-0.0030314362684700632
0.01,-0.0045,0.0,0.0,0.0
0.0,-0.0044,0.0,0.0,0.0
0.0001,-0.0044,15.845346641548941,-3.30183877517316e-05,0.002332103621530378
0.0002,-0.0044,15.842775280408132,-9.243203110804427e-05,0.0044769779279753685
0.0003,-0.0044,15.839505141915327,-0.00018055381100123803,0.006476978667489787
0.0004,-0.0044,15.836459409557072,-0.0002977336880988518,0.008349006668048279
0.0005,-0.0044,15.833444880445743,-0.00043768378926343983,0.010074405980059872
0.0006,-0.0044,15.830527187529231,-0.0006161725647855932,0.011624360326099493
0.0007,-0.0044,15.82746946500399,-0.0008343579546548059,0.01299678015839157
0.0008,-0.0044,15.824254533434166,-0.0010803084946065656,0.014211545275791701
0.0009,-0.0044,15.821010514758777,-0.0013548596991218237,0.015305591329201545
0.001,-0.0044,15.817589329162892,-0.0016469425033313295,0.016319760735318434
0.0011,-0.0044,15.813889003119874,-0.0019455209469238562,0.017273595875984638
0.0012,-0.0044,15.809769076418572,-0.0022482655772695145,0.018164929008482947
0.0013,-0.0044,15.80527363580787,-0.0025509078781530002,0.018977651736485017
0.0014,-0.0044,15.800116419531577,-0.002867266888277037,0.01968686397921148
0.0015,-0.0044,15.794800283906081,-0.0031784232039320367,0.020257192875816923
0.0016,-0.0044,15.789397613163203,-0.003526572202165993,0.020733884113162838
0.0017,-0.0044,15.782451092015748,-0.003842935289118957,0.021059477023000473
0.0018,-0.0044,15.77570286794848,-0.00416051573149131,0.021210186810942527
0.0019,-0.0044,15.769207022021204,-0.004555312017362343,0.021267111325428238
0.002,-0.0044,15.761210595548059,-0.004940777183086744,0.02121685195651664
0.0021,-0.0044,15.754426898303501,-0.005344764368024781,0.021065501456423382
0.0022,-0.0044,15.749288832747316,-0.005756344157707124,0.020843564642586673
0.0023,-0.0044,15.74377578205529,-0.0061624700778254,0.02057891954838099
0.0024,-0.0044,15.737771388811163,-0.006576974099999331,0.020289719268001723
0.0025,-0.0044,15.731699749166069,-0.007000408578180575,0.02000287309582261
0.0026,-0.0044,15.725570960821534,-0.007424626591483794,0.019731142438976543
0.0027,-0.0044,15.719362769778296,-0.007846399507980474,0.01948205732654624
0.0028,-0.0044,15.713083022830423,-0.00826156411797278,0.01925985241317573
0.0029,-0.0044,15.706494277811984,-0.00866722556677704,0.019059830486447063
0.003,-0.0044,15.69971216071163,-0.009061967112751144,0.01887014805772795
0.0031,-0.0044,15.692866257854357,-0.009447500705556435,0.018677796797823876
0.0032,-0.0044,15.685909092494994,-0.009826081586281279,0.018466040075233267
0.0033,-0.0044,15.678953157556712,-0.010202793728382332,0.01821772769427098
0.0034,-0.0044,15.672286226178468,-0.010583869930612222,0.01791941018718782
0.0035,-0.0044,15.66609954151631,-0.010976576915685168,0.017562821598989337
0.0036,-0.0044,15.660514182238373,-0.011388547539486706,0.017144767713062354
0.0037,-0.0044,15.655577535763749,-0.011827473778011804,0.01666728732314383
0.0038,-0.0044,15.65130125257285,-0.01230050052683521,0.01613732113423743
0.0039,-0.0044,15.647634405104327,-0.012813713061655916,0.015565761797725876
0.004,-0.0044,15.644447528066864,-0.013371659476309692,0.014965848842095082
0.0041,-0.0044,15.64154372216153,-0.013977186368195324,0.014351530733888264
0.0042,-0.0044,15.638683427356245,-0.014631265625526517,0.013735869581308775
0.0043,-0.0044,15.635595487896827,-0.015332975748781787,0.013129582575309164
0.0044,-0.0044,15.63200129034943,-0.01607959611990084,0.01253993804849051
0.0045,-0.0044,15.627632495822601,-0.01686696194353029,0.011969982461336744
0.0046,-0.0044,15.62225191301977,-0.017689331190449336,0.011418419987498367
0.0047,-0.0044,15.61567525135168,-0.018540018597296648,0.010879599315781287
0.0048,-0.0044,15.607767796118988,-0.019411701580048516,0.010344095446319921
0.0049,-0.0044,15.598474421618759,-0.02029639452921701,0.009799117690899873
0.005,-0.0044,15.587805167494329,-0.021186222081556103,0.009229921328549528
0.0051,-0.0044,15.575871759957513,-0.022074214164787113,0.008617977160474943
0.0052,-0.0044,15.56275421692444,-0.022946447148295343,0.00794461098556246
0.0053,-0.0044,15.54882439210295,-0.02381710812476436,0.007180373476272325
0.0054,-0.0044,15.53444028791087,-0.024649628579714485,0.006342407450265016
0.0055,-0.0044,15.519646113991294,-0.025445904845816106,0.0054370468590259815
0.0056,-0.0044,15.504976462138812,-0.026225591977984276,0.004411215810296628
0.0057,-0.0044,15.490972058840871,-0.026947656083576105,0.003254662460950222
0.0058,-0.0044,15.477919519161846,-0.02761662001309951,0.0019815440850533437
0.0059,-0.0044,15.46617191858935,-0.028231394618850124,0.0005989944851553402
0.006,-0.0044,15.456107374086292,-0.0287864637941631,-0.0008872700217303054
0.0061,-0.0044,15.448123230949607,-0.02927481989739906,-0.0024697940377477216
0.0062,-0.0044,15.442566058867953,-0.02968898630039491,-0.004137128445871425
0.0063,-0.0044,15.439749456061493,-0.030022576042347763,-0.005874089357352214
0.0064,-0.0044,15.439930328383419,-0.03026990335650262,-0.007663402381066751
0.0065,-0.0044,15.443310449779089,-0.03042566370784717,-0.009487164035703469
0.0066,-0.0044,15.450052677073055,-0.030485788989789278,-0.011327196128106332
0.0067,-0.0044,15.460248794251019,-0.030448008208218337,-0.01316638541802886
0.0068,-0.0044,15.473924223907579,-0.030310929481022302,-0.014990260994122545
0.0069,-0.0044,15.49108343734691,-0.030075086917519353,-0.016787969769439415
0.007,-0.0044,15.511643559907217,-0.029742978836985637,-0.01855228226608112
0.0071,-0.0044,15.535320485105801,-0.029319058248357246,-0.020279208904632615
0.0072,-0.0044,15.5617551521889,-0.028809890239508813,-0.021967665294681697
0.0073,-0.0044,15.59057288677049,-0.028222444981406976,-0.023617920635214985
0.0074,-0.0044,15.621284562474571,-0.027563201749572008,-0.025228456686912634
0.0075,-0.0044,15.653232735546922,-0.02683722512130925,-0.026792494310356046
0.0076,-0.0044,15.685577299636346,-0.02604762087202527,-0.028294059181561932
0.0077,-0.0044,15.717615295298707,-0.02519439501987606,-0.029704539614395592
0.0078,-0.0044,15.748719075420315,-0.024273477771409833,-0.030980474994688947
0.0079,-0.0044,15.778519701174737,-0.023274452239960733,-0.03206497196145422
0.008,-0.0044,15.80633259264708,-0.022190523488946873,-0.03289313950452521
0.0081,-0.0044,15.832168221226175,-0.02100242731834721,-0.03339624086734276
0.0082,-0.0044,15.852763531180228,-0.019693472168853865,-0.033510267383520205
0.0083,-0.0044,15.872035950069526,-0.018285639263396058,-0.03323422328959301
0.0084,-0.0044,15.892529649684898,-0.016815270434224327,-0.03261957972733069
0.0085,-0.0044,15.9077798459298,-0.015264899150381851,-0.031698158272309006
0.0086,-0.0044,15.917039012514456,-0.013682828178751296,-0.030538488064683393
0.0087,-0.0044,15.921479179977737,-0.012180196519200668,-0.029319625575914235
0.0088,-0.0044,15.928607402410213,-0.01080196950331968,-0.028472730953251202
0.0089,-0.0044,15.938687026837096,-0.009573252343321948,-0.028199258927374106
0.009,-0.0044,15.93640466876105,-0.008393838847364003,-0.027765059966584613
0.0091,-0.0044,15.93365767397474,-0.007209778575857641,-0.026794410261954206
0.0092,-0.0044,15.930319474694498,-0.006127155598003486,-0.0254902078554054
0.0093,-0.0044,15.928717719441261,-0.005197664891457824,-0.024144750263495888
0.0094,-0.0044,15.924685335404813,-0.003988908287382209,-0.021672900127551624
0.0095,-0.0044,15.91295035177453,-0.0028225130915244664,-0.01782655294100904
0.0096,-0.0044,15.902378574468338,-0.0019151597674006145,-0.013904317546667324
0.0097,-0.0044,15.887509322634795,-0.001070071535212254,-0.01010522812246578
0.0098,-0.0044,15.872459209514293,-0.0005194895283695343,-0.006564307064025841
0.0099,-0.0044,15.858785353365699,-0.00016875616223729748,-0.0032511379584741614
0.01,-0.0044,0.0,0.0,0.0
0.0,-0.0043,0.0,0.0,0.0
0.0001,-0.0043,15.832283721460017,-3.016452790755787e-05,0.002373442712748125
0.0002,-0.0043,15.829741108185123,-8.911884188221925e-05,0.004551285656807349
0.0003,-0.0043,15.826648713162346,-0.00017465590533221484,0.00657811682637667
0.0004,-0.0043,15.823673652632609,-0.0002875077754446107,0.00847474526523971
0.0005,-0.0043,15.820737252846895,-0.00042032747704229826,0.010229357499547663
0.0006,-0.0043,15.817944207836925,-0.0005898555187734539,0.011815695885183181
0.0007,-0.0043,15.814897284877716,-0.0007972039592933227,0.013224292836113153
0.0008,-0.0043,15.811758090293932,-0.0010302952821383674,0.014470021679037121
0.0009,-0.0043,15.808611190449309,-0.0012947608512784146,0.01558617472316926
0.001,-0.0043,15.805247487051895,-0.0015767397760996864,0.016611662863279218
0.0011,-0.0043,15.801585072612742,-0.001865993735125514,0.01756961121153809
0.0012,-0.0043,15.797537114066193,-0.0021580641754716063,0.018462509143962587
0.0013,-0.0043,15.793061218825471,-0.002451993686218788,0.019279936467149667
0.0014,-0.0043,15.788265785362565,-0.0027523091881830894,0.019997442059208052
0.0015,-0.0043,15.783226449276645,-0.003057378284332659,0.02060109212776496
0.0016,-0.0043,15.776428092649395,-0.0033639080306094734,0.021074865850096543
0.0017,-0.0043,15.768158295664229,-0.003667529217933224,0.021352957858247232
0.0018,-0.0043,15.761173705703426,-0.003985589728783863,0.021523718135863616
0.0019,-0.0043,15.755297318261217,-0.004390704705134775,0.02162042245294216
0.002,-0.0043,15.748709579645599,-0.004784163567001478,0.02158319708373404
0.0021,-0.0043,15.743070921164206,-0.005144350024580581,0.021451020689912892
0.0022,-0.0043,15.737823197015528,-0.005539154227203547,0.021239666520130485
0.0023,-0.0043,15.731678155936594,-0.005933163643038402,0.02098400246351752
0.0024,-0.0043,15.725552844989455,-0.006337660066172601,0.02070640959907578
0.0025,-0.0043,15.719125388060615,-0.0067487427284014774,0.020423296771782586
0.0026,-0.0043,15.712764734251415,-0.007163036728357036,0.020149087760197255
0.0027,-0.0043,15.706538287831812,-0.007572635046770313,0.019894131228299347
0.0028,-0.0043,15.700119974686807,-0.00797519751654501,0.019663490219633244
0.0029,-0.0043,15.69342276155903,-0.008367600226857263,0.019452230664662177
0.003,-0.0043,15.686676522986362,-0.008749808615862109,0.01925293392590889
0.0031,-0.0043,15.67970890881872,-0.009123079652560973,0.019053378785996528
0.0032,-0.0043,15.672523682363156,-0.009490639383796937,0.018837622981597864
0.0033,-0.0043,15.665362900739572,-0.009857564848780304,0.01859050609942572
0.0034,-0.0043,15.658438121798616,-0.010230243806955572,0.018300519801192534
0.0035,-0.0043,15.651865902190547,-0.010615776432110043,0.01795994957670957
0.0036,-0.0043,15.645719810150077,-0.011021755935977172,0.01756565531531346
0.0037,-0.0043,15.640053703955305,-0.011455485631499436,0.017119209553321097
0.0038,-0.0043,15.634861142520922,-0.011923616848596854,0.016626695221949185
0.0039,-0.0043,15.630069528722387,-0.012431572619441018,0.016097639378744918
0.004,-0.0043,15.625542992787619,-0.012983182123839818,0.015543618162701018
0.0041,-0.0043,15.621091603009507,-0.013580527487095598,0.014976726644721985
0.0042,-0.0043,15.616483299101784,-0.014223819671044831,0.014408117392761594
0.0043,-0.0043,15.611464655522923,-0.014911426725863618,0.013846689845705857
0.0044,-0.0043,15.605779965679055,-0.015640074930367263,0.013298110469090147
0.0045,-0.0043,15.599185877099549,-0.016405072155480184,0.012764142006502317
0.0046,-0.0043,15.591474034777075,-0.01720060079509827,0.012242325606771198
0.0047,-0.0043,15.582493824590353,-0.018020037495711426,0.011726108617774475
0.0048,-0.0043,15.572141168793532,-0.018856370775402663,0.011205617006809474
0.0049,-0.0043,15.560409452502638,-0.019701285024569824,0.010667565162283827
0.005,-0.0043,15.54728127847195,-0.02054869006398681,0.010097811769809714
0.0051,-0.0043,15.532910247962969,-0.021386373628234506,0.009476966867334631
0.0052,-0.0043,15.51733057742872,-0.022225300046613543,0.008792486386415901
0.0053,-0.0043,15.5011915870654,-0.02303819806079157,0.008034287604705329
0.0054,-0.0043,15.484818395136815,-0.023831971683067214,0.007178434010754046
0.0055,-0.0043,15.46784250471928,-0.024613860458011817,0.006222515275276709
0.0056,-0.0043,15.451338880554223,-0.025346014244471072,0.005144965856816004
0.0057,-0.0043,15.435783349014102,-0.0260351733692852,0.0039368814625567
0.0058,-0.0043,15.421103690189923,-0.026683896988538125,0.0026174220555876767
0.0059,-0.0043,15.407834101914949,-0.027292004425499523,0.001184051419169302
0.006,-0.0043,15.396372650637101,-0.02785031284175436,-0.0003597327722821835
0.0061,-0.0043,15.38714718903574,-0.028352527068855694,-0.0020071848170760036
0.0062,-0.0043,15.380500076920024,-0.02879217842501021,-0.003745842186538957
0.0063,-0.0043,15.376745039031162,-0.02916326161670468,-0.0055603474077115765
0.0064,-0.0043,15.376136514716787,-0.029460208567863477,-0.0074329869753290015
0.0065,-0.0043,15.378887824628752,-0.029677534012480068,-0.009344803275107161
0.0066,-0.0043,15.38518045975071,-0.029810127139645565,-0.011276725637093851
0.0067,-0.0043,15.395133919824621,-0.029853970224092627,-0.01321073896209103
0.0068,-0.0043,15.408811762231577,-0.02980532493182188,-0.015131327074648027
0.0069,-0.0043,15.426215622502133,-0.029662905958837714,-0.017025369312646976
0.007,-0.0043,15.447283450930184,-0.029427003404733344,-0.018883268509404243
0.0071,-0.0043,15.471889658749777,-0.02909948768126052,-0.020699469732163148
0.0072,-0.0043,15.499752591012056,-0.028683981169202014,-0.02247173390737272
0.0073,-0.0043,15.53048561176846,-0.028184964734267605,-0.02419976778003341
0.0074,-0.0043,15.563572848785196,-0.027607484199074588,-0.025882549264710876
0.0075,-0.0043,15.598462277945362,-0.026955880962700567,-0.027514971272408487
0.0076,-0.0043,15.634455823422291,-0.02623224645762541,-0.029083906012443466
0.0077,-0.0043,15.670622926321972,-0.025435894488513612,-0.03056429752280812
0.0078,-0.0043,15.706075210415662,-0.024564399146975134,-0.031916638474051656
0.0079,-0.0043,15.740247827071107,-0.02361050541380621,-0.03308633659566808
0.008,-0.0043,15.772515718464849,-0.022568275472886246,-0.034009926820122216
0.0081,-0.0043,15.803450567563836,-0.021425644802382435,-0.0346184155156304
0.0082,-0.0043,15.8306172891576,-0.02016049310347257,-0.03484923551855002
0.0083,-0.0043,15.85260026467444,-0.01876790640170441,-0.03466219083940794
0.0084,-0.0043,15.874065736773106,-0.01729810378963346,-0.03411429233092372
0.0085,-0.0043,15.892580136754216,-0.015772819007041063,-0.033267075729899266
0.0086,-0.0043,15.905240427097738,-0.014192341322602903,-0.03215032981745056
0.0087,-0.0043,15.91226801759396,-0.012648946534187527,-0.03087434013600819
0.0088,-0.0043,15.921391411239494,-0.011205486910268537,-0.029769098824570375
0.0089,-0.0043,15.93717608221418,-0.009901108898662844,-0.029284677926764698
0.009,-0.0043,15.941496847541668,-0.008565468565097455,-0.028988214197266233
0.0091,-0.0043,15.925478616009286,-0.007446620285089992,-0.02794354379241354
0.0092,-0.0043,15.923783741044193,-0.00645377156140109,-0.02641313403770651
0.0093,-0.0043,15.937200286357088,-0.005321234489336793,-0.025210201587726203
0.0094,-0.0043,15.929274185019596,-0.004094421524498273,-0.022803702759307303
0.0095,-0.0043,15.914307903951963,-0.002959369441930908,-0.018844460782664874
0.0096,-0.0043,15.902153034474457,-0.0020068469148795415,-0.014814268249473603
0.0097,-0.0043,15.886826174222422,-0.0011383344545409138,-0.010820566216688234
0.0098,-0.0043,15.87059722115519,-0.0005463636576066334,-0.007030464419978029
0.0099,-0.0043,15.857028183313174,-0.00017576567579789614,-0.00348169786329241
0.01,-0.0043,0.0,0.0,0.0
0.0,-0.0042,0.0,0.0,0.0
0.0001,-0.0042,15.819064167330282,-2.8229650870966183e-05,0.002413408707491284
0.0002,-0.0042,15.816586254603736,-8.562918953205012e-05,0.0046233522395482595
0.0003,-0.0042,15.8135695049344,-0.0001692213371719154,0.006676571877132891
0.0004,-0.0042,15.810689158165351,-0.0002769727380848875,0.008595112975193922
0.0005,-0.0042,15.807866877757327,-0.00040563224879265717,0.010374337255514857
0.0006,-0.0042,15.805126639275159,-0.000566773075309598,0.011995750535347705
0.0007,-0.0042,15.802150565183556,-0.000760518296741674,0.013440385342741522
0.0008,-0.0042,15.799111801533783,-0.000982949518202166,0.014716662829881627
0.0009,-0.0042,15.796048181455275,-0.0012367818364701863,0.015855732281160332
0.001,-0.0042,15.79275053512884,-0.001508270539616855,0.016893472986473902
0.0011,-0.0042,15.789157232466854,-0.0017878724211438913,0.017855807843868823
0.0012,-0.0042,15.785222770495949,-0.002068911321737728,0.018749655799112624
0.0013,-0.0042,15.78080872934845,-0.002352030011795714,0.019569175517754212
0.0014,-0.0042,15.77593670592665,-0.002629037505299561,0.020294095448934048
0.0015,-0.0042,15.769519546607563,-0.0029277839265144734,0.020898684963068945
0.0016,-0.0042,15.763592050965741,-0.003210445570662003,0.021349067508923535
0.0017,-0.0042,15.758045694574236,-0.0035234186563239296,0.02161230308453431
0.0018,-0.0042,15.751615670487219,-0.003851370556931535,0.021821400244393836
0.0019,-0.0042,15.746079012121156,-0.004208800125316582,0.021956934919286526
0.002,-0.0042,15.739519788498205,-0.004591885878411652,0.021925735932582135
0.0021,-0.0042,15.732652322186714,-0.0049354804299997,0.021810957108226097
0.0022,-0.0042,15.72685398447669,-0.00530545226309319,0.021623393856717497
0.0023,-0.0042,15.720420016682262,-0.0056873466767832295,0.021381586473894033
0.0024,-0.0042,15.713468663946651,-0.006082984688453365,0.021113952341734493
0.0025,-0.0042,15.706644432257143,-0.00648346381017403,0.020832564906495432
0.0026,-0.0042,15.700182767998704,-0.006885540496720964,0.02055437971716882
0.0027,-0.0042,15.693885455054515,-0.007282400202187903,0.02029347093031711
0.0028,-0.0042,15.687290891574643,-0.007670316249588237,0.020052931789196076
0.0029,-0.0042,15.680653718716735,-0.008048276257520984,0.01983135148832623
0.003,-0.0042,15.67378825094971,-0.008416233001674866,0.019623517075538346
0.0031,-0.0042,15.66653962566048,-0.008775621959438437,0.019416899976349045
0.0032,-0.0042,15.65910222251941,-0.00913005068943371,0.01919732758683734
0.0033,-0.0042,15.651710919699934,-0.009484439956273601,0.018952391298549802
0.0034,-0.0042,15.644463873151366,-0.00984490122329331,0.0186716844069079
0.0035,-0.0042,15.637427721362139,-0.010218428600232178,0.018347886055542825
0.0036,-0.0042,15.630657131690391,-0.010612325839632309,0.017977693110979076
0.0037,-0.0042,15.624194367471778,-0.011033538342138126,0.01756222105302601
0.0038,-0.0042,15.61801891667073,-0.011488163519506153,0.01710652488152701
0.0039,-0.0042,15.61204802957011,-0.011981008494775722,0.01661867136559328
0.004,-0.0042,15.606145154876721,-0.012515262385709023,0.016108516768569975
0.0041,-0.0042,15.600127655511493,-0.013092357726006983,0.015586314655422198
0.0042,-0.0042,15.593777753438072,-0.013711908069385327,0.015061380618077954
0.0043,-0.0042,15.58686156981043,-0.014371752591730432,0.014540918041033886
0.0044,-0.0042,15.579147029870997,-0.015068275270347133,0.014029090658026759
0.0045,-0.0042,15.570420138626996,-0.015796545074020975,0.013526427748130426
0.0046,-0.0042,15.5605027145689,-0.016550796037191458,0.013029682255728373
0.0047,-0.0042,15.549272114088456,-0.01732442416169314,0.012531878498068201
0.0048,-0.0042,15.536650571258475,-0.018111276554664248,0.012022662409633879
0.0049,-0.0042,15.522674893782874,-0.01890326758604442,0.011488735543073132
0.005,-0.0042,15.507328773138795,-0.019697962328351637,0.010915526186343455
0.0051,-0.0042,15.49093940755529,-0.02048156168811658,0.01028858475144344
0.0052,-0.0042,15.47352333638094,-0.021281356016338387,0.009603528554160896
0.0053,-0.0042,15.455666828450846,-0.021999487491226835,0.008846868069583402
0.0054,-0.0042,15.437507411891247,-0.022750356919622943,0.007979713897129908
0.0055,-0.0042,15.418497548728821,-0.02350247286961353,0.006974630610538067
0.0056,-0.0042,15.40023285824507,-0.024152592462151463,0.005838042526957637
0.0057,-0.0042,15.383084624199473,-0.02481622865798887,0.004592073558936062
0.0058,-0.0042,15.366848920294803,-0.025442524189504406,0.003237141565350906
0.0059,-0.0042,15.35224948981142,-0.02603731397456354,0.0017630320375722351
0.006,-0.0042,15.339581703830463,-0.02658953593942978,0.00017168624581078264
0.0061,-0.0042,15.32928090147686,-0.027097162753950955,-0.0015290365365901886
0.0062,-0.0042,15.321668868733088,-0.02755442372080036,-0.0033267009191833407
0.0063,-0.0042,15.317052084204999,-0.0279565042232363,-0.00520601469787335
0.0064,-0.0042,15.315678870931963,-0.028298424096900747,-0.007148768909381465
0.0065,-0.0042,15.317778189687163,-0.028574237875196525,-0.009136040209270519
0.0066,-0.0042,15.323541689003523,-0.028777862903861272,-0.011148857904487618
0.0067,-0.0042,15.333100934042493,-0.02890360464065819,-0.013168815264399843
0.0068,-0.0042,15.346549432459435,-0.028946702471019967,-0.015178604846493629
0.0069,-0.0042,15.363922415622788,-0.028904077287129064,-0.01716338388756882
0.007,-0.0042,15.385189223361957,-0.02877348019498244,-0.01911204229257372
0.0071,-0.0042,15.410267086830379,-0.028554242523511453,-0.02101748922237243
0.0072,-0.0042,15.438974865758706,-0.028247487622912133,-0.022876048259308928
0.0073,-0.0042,15.471037234074872,-0.027855276162133697,-0.02468640251799306
0.0074,-0.0042,15.505985479722893,-0.027380169569591835,-0.026447645302253575
0.0075,-0.0042,15.543208236948844,-0.026825012750759682,-0.028155746418602218
0.0076,-0.0042,15.582099806813396,-0.026191307156799053,-0.02979968452861987
0.0077,-0.0042,15.621872946648237,-0.025477543237964796,-0.0313574282125911
0.0078,-0.0042,15.661480285352626,-0.02468011196639148,-0.032792681810194214
0.0079,-0.0042,15.699992782722747,-0.023793420253817043,-0.03405393344027979
0.008,-0.0042,15.736938914937443,-0.022810511795035595,-0.03507686339274055
0.0081,-0.0042,15.772039219763904,-0.02172153313879676,-0.0357941814408638
0.0082,-0.0042,15.803870065381282,-0.020515254192972145,-0.03614277802702264
0.0083,-0.0042,15.830378079797214,-0.01918218886219642,-0.036071225934934045
0.0084,-0.0042,15.855176465675724,-0.017732980513594277,-0.03560153815861159
0.0085,-0.0042,15.880306635224484,-0.016231508693629784,-0.03481913004150779
0.0086,-0.0042,15.89893240315146,-0.01466369488672375,-0.03376256648895225
0.0087,-0.0042,15.909338117616842,-0.013085868111230133,-0.03247772239202999
0.0088,-0.0042,15.917661716037179,-0.011571437386383224,-0.0311973012648942
0.0089,-0.0042,15.927111812616571,-0.010181282675664751,-0.030444808766238566
0.009,-0.0042,15.931645741270145,-0.00882438409647396,-0.030141847448247994
0.0091,-0.0042,15.917412124473856,-0.007791910165083097,-0.02918612695751707
0.0092,-0.0042,15.925811291186742,-0.006691862718304476,-0.02762568797888144
0.0093,-0.0042,15.938301817466202,-0.005310611040810672,-0.02627163883604043
0.0094,-0.0042,15.924521390673453,-0.0042463091858190895,-0.023804625195710763
0.0095,-0.0042,15.91469161851361,-0.003177766887307759,-0.01991984878770641
0.0096,-0.0042,15.902054310977398,-0.002106272448374395,-0.0157837466405661
0.0097,-0.0042,15.88740790353216,-0.0012264299046879804,-0.011572980745130494
0.0098,-0.0042,15.869793152383957,-0.0005815058780689356,-0.0075294395344131255
0.0099,-0.0042,15.857381839402285,-0.00018295641132411942,-0.0037233899379212564
0.01,-0.0042,0.0,0.0,0.0
0.0,-0.0041,0.0,0.0,0.0
0.0001,-0.0041,15.805684674608317,-2.6536165487276312e-05,0.0024514137164955378
0.0002,-0.0041,15.803277535334322,-8.171236612793421e-05,0.004693081839277593
0.0003,-0.0041,15.800300971400809,-0.00016498250088048486,0.006771465475555922
0.0004,-0.0041,15.797499463895134,-0.0002653055584768154,0.008712836471571802
0.0005,-0.0041,15.794828627680623,-0.00039136399394293505,0.010514960980568517
0.0006,-0.0041,15.79207808048193,-0.0005480749830090549,0.012166502201141507
0.0007,-0.0041,15.789185065547604,-0.0007269335715652815,0.013645556208665479
0.0008,-0.0041,15.78631181569241,-0.000939333495240659,0.01495187539230369
0.0009,-0.0041,15.783333909103153,-0.0011816442807515903,0.016114317064579338
0.001,-0.0041,15.78012130098883,-0.0014424147956296207,0.01716519214897491
0.0011,-0.0041,15.776623448252947,-0.0017120539465261342,0.01813209125557086
0.0012,-0.0041,15.772819362006487,-0.001982210696723323,0.019026137816161935
0.0013,-0.0041,15.76852654353422,-0.0022536306993591534,0.01984402711754659
0.0014,-0.0041,15.763751813580669,-0.0025150022929066526,0.020568490962493205
0.0015,-0.0041,15.757494478918854,-0.002803356260496804,0.021168798517571787
0.0016,-0.0041,15.752920378360576,-0.0030758118438347164,0.021632427023318468
0.0017,-0.0041,15.748784053004542,-0.003390741350667988,0.021941275607697777
0.0018,-0.0041,15.742422134353497,-0.003732061399746155,0.022194640933238773
0.0019,-0.0041,15.737183857226341,-0.004017332246510368,0.022363086282716313
0.002,-0.0041,15.730687578228784,-0.0043614303510618796,0.02233108206403188
0.0021,-0.0041,15.722781099122706,-0.004710085933057855,0.02220124691962964
0.0022,-0.0041,15.71580109886348,-0.005055392852273759,0.02201621232814761
0.0023,-0.0041,15.708507489630525,-0.0054318896101651195,0.021775450092144634
0.0024,-0.0041,15.70084746871966,-0.005816288483319918,0.021509930815434695
0.0025,-0.0041,15.6940058695368,-0.006207179078791859,0.021228143285502044
0.0026,-0.0041,15.687697009216285,-0.0065937625139306415,0.02094573915896672
0.0027,-0.0041,15.681248109882535,-0.006975244181302945,0.02067746724920161
0.0028,-0.0041,15.67471376152223,-0.007346614359941407,0.02042707762931444
0.0029,-0.0041,15.668034320401196,-0.007708560836229718,0.020196913042614884
0.003,-0.0041,15.660873594260487,-0.008060440097632939,0.01998012388638793
0.0031,-0.0041,15.653357582525016,-0.008404174074803586,0.01976561751832783
0.0032,-0.0041,15.645746794134965,-0.008743076587672188,0.019542474342587508
0.0033,-0.0041,15.63810436442863,-0.009081663757163305,0.019300024893587658
0.0034,-0.0041,15.630470472425191,-0.009425890139806372,0.019028592225163746
0.0035,-0.0041,15.622903503500893,-0.009782481998609358,0.01872114042159531
0.0036,-0.0041,15.615463405073687,-0.010158339539814978,0.01837428581431035
0.0037,-0.0041,15.608166165457396,-0.010559944878514999,0.01798853434077204
0.0038,-0.0041,15.600977266935729,-0.010992866324953979,0.01756783051228554
0.0039,-0.0041,15.593810711934932,-0.01146135956928613,0.017118751901142773
0.004,-0.0041,15.586533523149601,-0.01196807951161244,0.016649431632974016
0.0041,-0.0041,15.578973423200063,-0.012513938303531931,0.016168330464840203
0.0042,-0.0041,15.570929553685065,-0.013098110345003423,0.015683013613248194
0.0043,-0.0041,15.56219058468989,-0.013718116349780233,0.015199091325467382
0.0044,-0.0041,15.552549253028484,-0.014370160202349599,0.014719397903276817
0.0045,-0.0041,15.541820768167064,-0.01504925883814074,0.014243477966103573
0.0046,-0.0041,15.52985552636777,-0.015749855452491676,0.013767386084959766
0.0047,-0.0041,15.51655994439142,-0.01646570392967187,0.013283819973448872
0.0048,-0.0041,15.501884582551593,-0.017191265325539128,0.012782495887821332
0.0049,-0.0041,15.485886546640996,-0.017919484499973215,0.01225096364963119
0.005,-0.0041,15.468593891900326,-0.01864951891314355,0.011675113654349293
0.0051,-0.0041,15.450381873757845,-0.019370709369319027,0.011042651724273309
0.0052,-0.0041,15.431199747242,-0.020092494023804326,0.010331348978818808
0.0053,-0.0041,15.411690868918726,-0.020739833367474793,0.009509825662372108
0.0054,-0.0041,15.391866506579271,-0.02145149465947742,0.00859627392353235
0.0055,-0.0041,15.371163859720836,-0.02212898892611445,0.0075918235579040365
0.0056,-0.0041,15.351532855486997,-0.022710408979605037,0.006466079438461058
0.0057,-0.0041,15.333236718329102,-0.02334603900048917,0.005214495552329857
0.0058,-0.0041,15.315889140484108,-0.023939664311136914,0.003833839747732725
0.0059,-0.0041,15.300224454054081,-0.024508093357488513,0.002327015082271729
0.006,-0.0041,15.286566127617162,-0.0250442835425829,0.0006984281912765034
0.0061,-0.0041,15.275376176006498,-0.025548078456070974,-0.0010436785645485975
0.0062,-0.0041,15.266943151833773,-0.02601473712603969,-0.0028872540534109984
0.0063,-0.0041,15.261563350349277,-0.02644133088046554,-0.0048167199138640674
0.0064,-0.0041,15.259491272735518,-0.026822148636752904,-0.006815195741005898
0.0065,-0.0041,15.260962907169429,-0.027150584944834927,-0.008864865695227408
0.0066,-0.0041,15.26616222412146,-0.027420573001808484,-0.010946401601936844
0.0067,-0.0041,15.275229291709032,-0.027625867488294386,-0.013040486728695016
0.0068,-0.0041,15.288284304415152,-0.027760498479044972,-0.015129097426252961
0.0069,-0.0041,15.305394924405375,-0.027819494947380327,-0.01719659041727793
0.007,-0.0041,15.32657392696486,-0.027798322012492153,-0.019230634045060972
0.0071,-0.0041,15.351780805938004,-0.027694298658721368,-0.02122228897029077
0.0072,-0.0041,15.380890303533278,-0.027505993050997185,-0.02316647355242157
0.0073,-0.0041,15.413689179449596,-0.027233112650328857,-0.02506103468893872
0.0074,-0.0041,15.449867762302471,-0.026876178886544307,-0.026904580190711645
0.0075,-0.0041,15.488879983203446,-0.026435627695590543,-0.028693659950047044
0.0076,-0.0041,15.53004663378926,-0.025911470243127382,-0.030418934690103663
0.0077,-0.0041,15.572681357573597,-0.025301686958587397,-0.03206077842783028
0.0078,-0.0041,15.615869861419394,-0.024601728491427867,-0.03358569726616977
0.0079,-0.0041,15.658611101840883,-0.02380363437681963,-0.03494471077502853
0.008,-0.0041,15.699582467713903,-0.022901245652775896,-0.036075236683742344
0.0081,-0.0041,15.738862150896939,-0.0218872760177954,-0.03690852507376862
0.0082,-0.0041,15.775694967465663,-0.02075343141151478,-0.037381289982460396
0.0083,-0.0041,15.808395977703295,-0.01949495421202482,-0.03743631849909069
0.0084,-0.0041,15.83606928741403,-0.018094225670917077,-0.037049409451776955
0.0085,-0.0041,15.863162178213607,-0.01660598087401443,-0.03632029055581732
0.0086,-0.0041,15.886068335231682,-0.015061934946707208,-0.03533328152708917
0.0087,-0.0041,15.898018611984497,-0.013493228038914798,-0.03408862870322833
0.0088,-0.0041,15.906509991493778,-0.01195453437336249,-0.03272505046442755
0.0089,-0.0041,15.916310926243492,-0.010538562315569327,-0.031750083654440125
0.009,-0.0041,15.929514904712168,-0.00918950565097789,-0.031402797018031135
0.0091,-0.0041,15.922979159737114,-0.00807645310684094,-0.030545674185785857
0.0092,-0.0041,15.935200579154726,-0.006755289630647458,-0.028986534560726605
0.0093,-0.0041,15.93851619417085,-0.0052955823122620505,-0.02732885437814552
0.0094,-0.0041,15.917701571764702,-0.00443820076452992,-0.024789980513513478
0.0095,-0.0041,15.913563865315776,-0.0033871839021615254,-0.021108021293392433
0.0096,-0.0041,15.901825196817931,-0.002200309234488688,-0.016822212803232102
0.0097,-0.0041,15.888864824934458,-0.0013044955775063415,-0.012365140869535964
0.0098,-0.0041,15.870623779384156,-0.0006165657811509411,-0.00807138668176146
0.0099,-0.0041,15.859066189440005,-0.0001878641700856342,-0.003987441119994642
0.01,-0.0041,0.0,0.0,0.0
0.0,-0.004,0.0,0.0,0.0
0.0001,-0.004,15.792148645159253,-2.5333977624972332e-05,0.0024878824841636513
0.0002,-0.004,15.789811146020451,-7.858158802295391e-05,0.004761330424806918
0.0003,-0.004,15.78689675207275,-0.00016207429128082819,0.0068634187997816225
0.0004,-0.004,15.784169668218654,-0.0002544200942415875,0.008826785824830562
0.0005,-0.004,15.781660302061429,-0.0003775677192291583,0.010651806440034616
0.0006,-0.004,15.778904407698727,-0.0005315847122608656,0.012328607374180432
0.0007,-0.004,15.776071465038545,-0.0006972006379959377,0.01383860865602978
0.0008,-0.004,15.773370129822236,-0.0008999934037441377,0.015175340855017604
0.0009,-0.004,15.770489370533674,-0.0011302339017807393,0.016361868040103922
0.001,-0.004,15.767376433143077,-0.0013798760070017,0.017426960066969623
0.0011,-0.004,15.7639851471814,-0.0016392650013216364,0.018398597986429246
0.0012,-0.004,15.760315323238427,-0.0018993255347195762,0.019291944517815032
0.0013,-0.004,15.75621036149544,-0.0021592308192553873,0.020106300395718358
0.0014,-0.004,15.751666021903416,-0.002411164922187411,0.0208293374901694
0.0015,-0.004,15.74615019223227,-0.0026788931042915605,0.02143937502346284
0.0016,-0.004,15.741192871852945,-0.002942607788199661,0.021916372249901617
0.0017,-0.004,15.736304010750308,-0.0032425110160166225,0.02226913545784249
0.0018,-0.004,15.72897275267495,-0.0035679067747386353,0.022536258704744273
0.0019,-0.004,15.722272513216888,-0.003830355165208561,0.022704932233976367
0.002,-0.004,15.71645486819459,-0.004141779554270453,0.02270986103779722
0.0021,-0.004,15.708920213398214,-0.004482042667844344,0.022589754451515013
0.0022,-0.004,15.702473278241516,-0.004813887101063145,0.02240843342415402
0.0023,-0.004,15.696477707765665,-0.005179271106372178,0.022169047420299962
0.0024,-0.004,15.688667859302319,-0.0055447767915140075,0.021892866238593652
0.0025,-0.004,15.681704001889468,-0.005917118527612008,0.02160462838358529
0.0026,-0.004,15.675478829662552,-0.006288332834788417,0.02131855175355326
0.0027,-0.004,15.668996400121094,-0.006649836219944413,0.02104251648536069
0.0028,-0.004,15.662503207149891,-0.007003620536043096,0.020784809496239367
0.0029,-0.004,15.655497279694442,-0.007347538170395632,0.020546024293008273
0.003,-0.004,15.648028068896247,-0.007681898185977117,0.020319220805773815
0.0031,-0.004,15.640368757466106,-0.008007933230061192,0.020096858886821743
0.0032,-0.004,15.632566016903636,-0.008328566177098953,0.019870363981803647
0.0033,-0.004,15.62460954961376,-0.008648078044001308,0.01963002257782667
0.0034,-0.004,15.61654129575698,-0.008972142493277527,0.019366902355708825
0.0035,-0.004,15.608425662412067,-0.009307050834167684,0.019074413473470397
0.0036,-0.004,15.600297550555672,-0.009659223443389287,0.018749101287061202
0.0037,-0.004,15.592154317435059,-0.010034645544778986,0.018390784345579923
0.0038,-0.004,15.58395325567535,-0.010438388829465087,0.018002265568880915
0.0039,-0.004,15.575608177712208,-0.010874225030035009,0.017588648823273934
0.004,-0.004,15.566992725205077,-0.01134437144526564,0.017156390832576317
0.0041,-0.004,15.55794782542279,-0.011849370810128972,0.016712212038432643
0.0042,-0.004,15.548291841271825,-0.01238812574514085,0.01626201514699083
0.0043,-0.004,15.53783747580899,-0.01295802630051469,0.01580994380402616
0.0044,-0.004,15.52640378758424,-0.013555247732693525,0.015357668338539895
0.0045,-0.004,15.513834122174151,-0.014174937180351389,0.01490391161905943
0.0046,-0.004,15.50000725524336,-0.014811840781477417,0.014444242363160862
0.0047,-0.004,15.484855792768235,-0.015460189440657761,0.013971272590438412
0.0048,-0.004,15.468358009146163,-0.016114901770600876,0.013474889352526687
0.0049,-0.004,15.450584705421212,-0.016770237426140932,0.012943476936346197
0.005,-0.004,15.431599300980187,-0.017423911301082368,0.01236354544392406
0.0051,-0.004,15.411655871034316,-0.018065487579331622,0.011720013413754267
0.0052,-0.004,15.390730723879036,-0.01869628224919056,0.010988998321687198
0.0053,-0.004,15.36957745673207,-0.01929779400757376,0.010166596518989698
0.0054,-0.004,15.348183516507275,-0.0199429487511369,0.009244479589707925
0.0055,-0.004,15.32615337751036,-0.020538086752645464,0.008215050180220212
0.0056,-0.004,15.305617660390368,-0.02107937589956745,0.007071232412662381
0.0057,-0.004,15.286762572971893,-0.021664634987235018,0.005794682782964108
0.0058,-0.004,15.26875503663998,-0.022215728668177004,0.0043919064130410745
0.0059,-0.004,15.252284282619968,-0.022746788005111054,0.0028636334834513323
0.006,-0.004,15.237911858986921,-0.023257553109392013,0.0012099665593888554
0.0061,-0.004,15.226044633435317,-0.023749286416875494,-0.0005599841798902125
0.0062,-0.004,15.21694812949664,-0.0242188706252138,-0.002434294349263744
0.0063,-0.004,15.210935572573556,-0.02466276122141485,-0.004399284874499864
0.0064,-0.004,15.208264624236671,-0.025074505016371998,-0.006439738229023845
0.0065,-0.004,15.209160139714468,-0.025448417149769812,-0.008537657330152215
0.0066,-0.004,15.213799441013586,-0.025778766466981906,-0.010673576415135066
0.0067,-0.004,15.222335176428878,-0.026058666808359224,-0.012828393100121946
0.0068,-0.004,15.234901269000058,-0.02628100821651305,-0.014984112366700827
0.0069,-0.004,15.251587791907397,-0.026439341856836704,-0.017124404161530514
0.007,-0.004,15.272449078918585,-0.026527598640196326,-0.019235660934169507
0.0071,-0.004,15.297492929975343,-0.026540942784132545,-0.021307807311441974
0.0072,-0.004,15.326647423311421,-0.02647574504203413,-0.023334421897196485
0.0073,-0.004,15.3597575649767,-0.026329528195905273,-0.0253121377179753
0.0074,-0.004,15.396570282687348,-0.0261008438206728,-0.02723903456549037
0.0075,-0.004,15.43671301468083,-0.025788065562713493,-0.029112054641975207
0.0076,-0.004,15.47958683659572,-0.025389056307930775,-0.030923025227533183
0.0077,-0.004,15.524447638534829,-0.024900397893655946,-0.03265434652157349
0.0078,-0.004,15.570473796622666,-0.024316685031216288,-0.034275145312221485
0.0079,-0.004,15.616736608828157,-0.023628793478953823,-0.03573857331326624
0.008,-0.004,15.661748816704106,-0.022827776807779445,-0.0369839628059453
0.0081,-0.004,15.704954808022142,-0.021908187278187996,-0.03794041568366682
0.0082,-0.004,15.746408978314467,-0.020860980998821284,-0.038540316877348164
0.0083,-0.004,15.783568898863841,-0.01968305843693361,-0.03872736352865591
0.0084,-0.004,15.814965871764292,-0.01837374684513051,-0.03846263761808596
0.0085,-0.004,15.845685142431497,-0.016927319003457585,-0.03780269784452774
0.0086,-0.004,15.876310517134776,-0.01541762874198746,-0.03687860266143604
0.0087,-0.004,15.897120611416156,-0.013855985327810271,-0.035736857379416745
0.0088,-0.004,15.905715551803759,-0.012290327523699403,-0.034349974893845496
0.0089,-0.004,15.913869346690285,-0.010874020500848508,-0.03308466924614435
0.009,-0.004,15.939636577595921,-0.009508998856579767,-0.03254747170804813
0.0091,-0.004,15.943153969949341,-0.008255169380693194,-0.031917121650979735
0.0092,-0.004,15.937850165149753,-0.006789938663787837,-0.030316069712239737
0.0093,-0.004,15.92935424133826,-0.005474106785132152,-0.028222911936594534
0.0094,-0.004,15.91477917448344,-0.004681344116444981,-0.025848410936341264
0.0095,-0.004,15.912730091989468,-0.00350834613464368,-0.0224127631950753
0.0096,-0.004,15.902939936421191,-0.0022627835698856053,-0.017893819969778714
0.0097,-0.004,15.891296117929206,-0.0013424434710070604,-0.01319114303071945
0.0098,-0.004,15.87331944915232,-0.0006105662008168434,-0.008635663752128354
0.0099,-0.004,15.857982496097577,-0.0002094010525112981,-0.0042958783983682415
0.01,-0.004,0.0,0.0,0.0
0.0,-0.0039,0.0,0.0,0.0
0.0001,-0.0039,15.778482164407214,-2.475233402273495e-05,0.002523565825719103
0.0002,-0.0039,15.776217350444407,-7.61977658746463e-05,0.004828089542594293
0.0003,-0.0039,15.77338368642684,-0.00015691731015944854,0.006951487497671991
0.0004,-0.0039,15.770720104015885,-0.0002469961305326606,0.008933733801060875
0.0005,-0.0039,15.768260717100347,-0.0003673937374649122,0.010782583577321637
0.0006,-0.0039,15.765560648329412,-0.000515056798760851,0.012483629895970145
0.0007,-0.0039,15.762850230632315,-0.0006715730502484109,0.014020442763151512
0.0008,-0.0039,15.76027049983655,-0.0008646843124465019,0.015387161453310302
0.0009,-0.0039,15.757503117012975,-0.0010834552450874645,0.016597732751792212
0.001,-0.0039,15.754501632635248,-0.001321612756773739,0.017677984647997868
0.0011,-0.0039,15.751247178960655,-0.0015705992564552284,0.018655110975146598
0.0012,-0.0039,15.747730714844668,-0.0018210459668703562,0.019547521881334205
0.0013,-0.0039,15.743850331056898,-0.0020697408905731227,0.020357702935351697
0.0014,-0.0039,15.739522148557926,-0.0023128748312124248,0.021078557473880315
0.0015,-0.0039,15.734558691249461,-0.0025621254794037833,0.021699913872894848
0.0016,-0.0039,15.729761490329878,-0.0028153863045506473,0.022187699084643877
0.0017,-0.0039,15.72448268709711,-0.003089134208471192,0.02255584834767477
0.0018,-0.0039,15.716910934941208,-0.0033773739925540506,0.022811893757585806
0.0019,-0.0039,15.709225607576009,-0.0036406017293587386,0.022963617459256278
0.002,-0.0039,15.702712250737422,-0.003919140265379064,0.0229938911323455
0.0021,-0.0039,15.694491598652,-0.004243803330522168,0.022885442136220218
0.0022,-0.0039,15.68717297180256,-0.0045777987790422935,0.02272133246217732
0.0023,-0.0039,15.682186895635427,-0.004926880471081215,0.02251117308994693
0.0024,-0.0039,15.676384939005302,-0.005277709813764849,0.022248527661514923
0.0025,-0.0039,15.670088114094808,-0.005618709568977136,0.021964211455835773
0.0026,-0.0039,15.663755752443882,-0.005966210513325276,0.021672045275692327
0.0027,-0.0039,15.65737777116584,-0.006306187613164193,0.021389647921013978
0.0028,-0.0039,15.6505405341473,-0.006640564457174405,0.021125431126052557
0.0029,-0.0039,15.643117832082478,-0.006965113124977905,0.020876376142312116
0.003,-0.0039,15.635476767402372,-0.007280154130948617,0.02063898944360558
0.0031,-0.0039,15.627670480485468,-0.007586233332681122,0.020408824126045767
0.0032,-0.0039,15.619616230478684,-0.007885888216055957,0.020178352200601497
0.0033,-0.0039,15.611309405534383,-0.00818319787804604,0.019938866597985383
0.0034,-0.0039,15.602803308126864,-0.008483371829492532,0.01968237114140645
0.0035,-0.0039,15.59413551769066,-0.008792195332483219,0.019402744197433135
0.0036,-0.0039,15.585320248652053,-0.009115568567175445,0.019096370956597886
0.0037,-0.0039,15.576344047418655,-0.009458973707655622,0.018762385764989276
0.0038,-0.0039,15.567158988085874,-0.009827013883989637,0.01840247510309761
0.0039,-0.0039,15.557681266747068,-0.010223048425765439,0.018020318102571625
0.004,-0.0039,15.547793381335964,-0.010648961003877976,0.017620766966671066
0.0041,-0.0039,15.537350844036462,-0.011105061417425429,0.017208906454723866
0.0042,-0.0039,15.526192822879743,-0.011590134252889071,0.01678910147575651
0.0043,-0.0039,15.514155932613653,-0.012101586153623365,0.016364172272615465
0.0044,-0.0039,15.501085821926466,-0.012635726232726553,0.015934737713790007
0.0045,-0.0039,15.48685416870972,-0.013188020919804165,0.015498807039038885
0.0046,-0.0039,15.47136761165604,-0.013753578899895468,0.015051636115965843
0.0047,-0.0039,15.454582455539196,-0.014327186358460564,0.014585870919656265
0.0048,-0.0039,15.436502580429625,-0.014904390414496118,0.014091851728526257
0.0049,-0.0039,15.417205092301582,-0.015480407021802834,0.01355827934649788
0.005,-0.0039,15.396783561630205,-0.01605140717768599,0.012970726564715405
0.0051,-0.0039,15.37545843015938,-0.01661100925411447,0.01231443496002491
0.0052,-0.0039,15.353397252021592,-0.017163639885463978,0.011576667330779201
0.0053,-0.0039,15.331146452306001,-0.017708909581916763,0.010759869927178136
0.0054,-0.0039,15.308653183878214,-0.018260803189277166,0.009850196989656803
0.0055,-0.0039,15.285878530720138,-0.01878244846557204,0.008808541528659918
0.0056,-0.0039,15.264617720344985,-0.019274760562174427,0.007637177403915439
0.0057,-0.0039,15.245026771030815,-0.019790645222619408,0.006343179806791392
0.0058,-0.0039,15.226309423727706,-0.02030233123691179,0.004919013635222335
0.0059,-0.0039,15.209146640748555,-0.020792253784663508,0.00336989192227637
0.006,-0.0039,15.194158549973686,-0.021271955147619374,0.0017006152438217297
0.0061,-0.0039,15.18169821211427,-0.02174812976100428,-8.304984433196846e-05
0.0062,-0.0039,15.172089659521495,-0.022214887955166587,-0.0019744477827598793
0.0063,-0.0039,15.165601985096302,-0.022667883002066742,-0.003962054150610252
0.0064,-0.0039,15.162452915643964,-0.023102601382179445,-0.006030222146629264
0.0065,-0.0039,15.162851480350035,-0.023514623492675694,-0.008161095644045335
0.0066,-0.0039,15.166976964477207,-0.023897866330805748,-0.010336528189363358
0.0067,-0.0039,15.174987727597184,-0.024244937854623345,-0.012538357570456697
0.0068,-0.0039,15.187022132151196,-0.024548509345879987,-0.014748280139488729
0.0069,-0.0039,15.203192296729945,-0.024800919589309075,-0.016949611706091054
0.007,-0.0039,15.223585353195414,-0.02499463867465827,-0.019128256817444136
0.0071,-0.0039,15.248243830851974,-0.025123223810132028,-0.021273036415958957
0.0072,-0.0039,15.277148356862918,-0.025181281601347576,-0.023376212560727184
0.0073,-0.0039,15.310209066225873,-0.025164443167335376,-0.02543331138392962
0.0074,-0.0039,15.34723727434726,-0.025069042961041045,-0.027441961161274155
0.0075,-0.0039,15.387932496746991,-0.024891665793166807,-0.02939919142810306
0.0076,-0.0039,15.43185280512257,-0.024628419452206646,-0.031297810314927905
0.0077,-0.0039,15.47833635681408,-0.024273950810860513,-0.03312204403206371
0.0078,-0.0039,15.526540061424543,-0.023821235325778525,-0.034843283024829266
0.0079,-0.0039,15.57554208121554,-0.02326105793724192,-0.0364170867909349
0.008,-0.0039,15.624265890857526,-0.02258194424381755,-0.037783302116348526
0.0081,-0.0039,15.671308203207817,-0.021773892799897644,-0.03887022117521115
0.0082,-0.0039,15.716245534531593,-0.0208309529823905,-0.039606011258131256
0.0083,-0.0039,15.758812897602423,-0.01974937984147961,-0.039934946484168024
0.0084,-0.0039,15.79624341434882,-0.018533556631956313,-0.03981071781868465
0.0085,-0.0039,15.82813788712499,-0.01715988063505513,-0.03923193450311351
0.0086,-0.0039,15.861845305461081,-0.015687763185650364,-0.03834895583824537
0.0087,-0.0039,15.890696027269529,-0.01414951667429671,-0.037259080107531456
0.0088,-0.0039,15.903415036195973,-0.012615380571532551,-0.03590659403611668
0.0089,-0.0039,15.912890780551164,-0.011156304364244262,-0.03448104085630506
0.009,-0.0039,15.93581131267322,-0.009716880602485028,-0.03361414569664935
0.0091,-0.0039,15.946319028148002,-0.008368573240679399,-0.033159659174219785
0.0092,-0.0039,15.93274950390776,-0.007055501683829649,-0.03165749142944628
0.0093,-0.0039,15.918628919298317,-0.005860439810575956,-0.02926931574702577
0.0094,-0.0039,15.919504800759888,-0.004815890964989223,-0.027118485610111893
0.0095,-0.0039,15.917647917530912,-0.003529724648796793,-0.023783116135473233
0.0096,-0.0039,15.90693984268314,-0.0022624233671915627,-0.018979226638521585
0.0097,-0.0039,15.895885734703754,-0.001353830047409085,-0.014039047538357838
0.0098,-0.0039,15.877618086574444,-0.0006385272969206294,-0.009186736322900003
0.0099,-0.0039,15.858986228885517,-0.00022125194352675624,-0.004531038448766209
0.01,-0.0039,0.0,0.0,0.0
0.0,-0.0038,0.0,0.0,0.0
0.0001,-0.0038,15.764724403826241,-2.3247526344112835e-05,0.002559344961124969
0.0002,-0.0038,15.762466293374795,-7.225792235876499e-05,0.004891943905761986
0.0003,-0.0038,15.759742631424745,-0.0001479137142067397,0.007038356289371465
0.0004,-0.0038,15.757128535721355,-0.00024085649621287858,0.00903940694471403
0.0005,-0.0038,15.754615081370698,-0.00036194727028754804,0.010909442039505215
0.0006,-0.0038,15.751977692995975,-0.0004994058003515828,0.012633226122650804
0.0007,-0.0038,15.749469318777356,-0.0006511736872209466,0.014193555917637381
0.0008,-0.0038,15.74701263257416,-0.0008345583851195997,0.015587555481793646
0.0009,-0.0038,15.744368243004713,-0.0010423525966691714,0.016821704873937797
0.001,-0.0038,15.74150687556862,-0.0012687861278655142,0.017917920772315077
0.0011,-0.0038,15.738411867451632,-0.0015070023969195362,0.01890164567289782
0.0012,-0.0038,15.735068586813401,-0.0017482043064192079,0.01979331787866907
0.0013,-0.0038,15.731442835658223,-0.001986355491891069,0.020599011297066268
0.0014,-0.0038,15.72737660782897,-0.002220569842888354,0.021316501589401307
0.0015,-0.0038,15.722750287666523,-0.002452411538354679,0.02194429128206553
0.0016,-0.0038,15.71816376587306,-0.0026957557328733165,0.022445524871227782
0.0017,-0.0038,15.71336840278227,-0.0029420169613269495,0.022830597865437362
0.0018,-0.0038,15.70601496073947,-0.0031896120672628113,0.02307784027804814
0.0019,-0.0038,15.698192929665058,-0.0034534807205275865,0.02320922622487032
0.002,-0.0038,15.69258982252917,-0.0037130001927561133,0.023250499099800096
0.0021,-0.0038,15.685779334938339,-0.004009808325800742,0.02315780729761813
0.0022,-0.0038,15.677873590136675,-0.00433049654088787,0.02300300440509768
0.0023,-0.0038,15.67153670646167,-0.004654603701278152,0.02281352802670751
0.0024,-0.0038,15.664856332688075,-0.004987767487219581,0.02257090088239844
0.0025,-0.0038,15.658181095407935,-0.005306999268793419,0.022290890533591613
0.0026,-0.0038,15.652585487671558,-0.005628472430058555,0.022000339257528256
0.0027,-0.0038,15.646151668258865,-0.005946058725591198,0.021718428684547327
0.0028,-0.0038,15.63870837865001,-0.00625805078534827,0.02144645828312225
0.0029,-0.0038,15.631046662700882,-0.006561682724648041,0.021185776187336535
0.003,-0.0038,15.623321286557294,-0.006855233136516698,0.020937847649633093
0.0031,-0.0038,15.615320457158191,-0.007138862913076466,0.020699288103752322
0.0032,-0.0038,15.606978795165933,-0.007414931836615807,0.020463559538184628
0.0033,-0.0038,15.598324505030885,-0.007687084735734416,0.02022319717259977
0.0034,-0.0038,15.589385348476405,-0.00795996157569244,0.019971153630444632
0.0035,-0.0038,15.580174870099054,-0.00823879352785276,0.019701680068785463
0.0036,-0.0038,15.570692906580588,-0.008528938755432975,0.019411010447338135
0.0037,-0.0038,15.560917566289584,-0.008835379085699417,0.019097637538740886
0.0038,-0.0038,15.550798633271665,-0.009162284534367834,0.018762197738754975
0.0039,-0.0038,15.540256390677897,-0.009512672003063797,0.0184070290221186
0.004,-0.0038,15.529183651890124,-0.009888191187762563,0.0180354824885313
0.0041,-0.0038,15.517452319189191,-0.010289041134401815,0.017651122023941236
0.0042,-0.0038,15.504922484132683,-0.010714022766414788,0.017256903821766093
0.0043,-0.0038,15.491454422615668,-0.011160693752741532,0.016854451400174643
0.0044,-0.0038,15.476920147524966,-0.011625635514627362,0.016443479452138126
0.0045,-0.0038,15.461217792950777,-0.012104735081418431,0.016021433306860382
0.0046,-0.0038,15.44427934276793,-0.01259357339099377,0.015583333475561494
0.0047,-0.0038,15.426084929644016,-0.0130877306005005,0.015122010287356304
0.0048,-0.0038,15.40666036555245,-0.013583282159915446,0.014628183802535435
0.0049,-0.0038,15.386090878130497,-0.014075835511726604,0.014090341237986566
0.005,-0.0038,15.364505599637283,-0.014562516050865924,0.013495316759632735
0.0051,-0.0038,15.342142527693989,-0.015042510910900544,0.01283214945833323
0.0052,-0.0038,15.31927154087404,-0.015518779719952115,0.012090496519130259
0.0053,-0.0038,15.29619760128942,-0.01598937599456827,0.011262109860419804
0.0054,-0.0038,15.27300275282806,-0.01645168173689507,0.010326326527725985
0.0055,-0.0038,15.249972663229405,-0.0169039789972432,0.00926835376811127
0.0056,-0.0038,15.228232216846958,-0.01733605941386887,0.008102282843570483
0.0057,-0.0038,15.207919479868991,-0.01778089780042402,0.006814533184457674
0.0058,-0.0038,15.188660816237181,-0.018242316954387123,0.005387886588603201
0.0059,-0.0038,15.171015253268568,-0.018689338509340975,0.0038350927605607567
0.006,-0.0038,15.155456901609956,-0.01913798537544237,0.0021663852810058304
0.0061,-0.0038,15.142508605725618,-0.019594128900513638,0.00038189173267879793
0.0062,-0.0038,15.132590203999236,-0.02005042122286605,-0.0015158073517673454
0.0063,-0.0038,15.12579148843891,-0.0205049968703414,-0.003512930257534186
0.0064,-0.0038,15.122293180102117,-0.020955451688704073,-0.00559407544937375
0.0065,-0.0038,15.122297501965608,-0.021397390894489846,-0.007743253899363416
0.0066,-0.0038,15.125983484149177,-0.021824630113131262,-0.00994394923414544
0.0067,-0.0038,15.133508157866709,-0.02223041375276956,-0.012178265362804745
0.0068,-0.0038,15.145018366711886,-0.02260685709390423,-0.014428546729074255
0.0069,-0.0038,15.160644311054732,-0.022945246542817495,-0.016678530193246596
0.007,-0.0038,15.180488662934247,-0.023237403685620838,-0.018913384848090298
0.0071,-0.0038,15.204619505196757,-0.023475770119037436,-0.02112092566781778
0.0072,-0.0038,15.233064112881207,-0.023653402902616114,-0.023292532609824702
0.0073,-0.0038,15.265790781038854,-0.02376417794631959,-0.025422936343464004
0.0074,-0.0038,15.302683985670923,-0.023802626631314376,-0.0275091827752472
0.0075,-0.0038,15.343517992641042,-0.023763583630109816,-0.029548313712057562
0.0076,-0.0038,15.38792982324949,-0.023641491400386766,-0.03153399371035288
0.0077,-0.0038,15.435396276753373,-0.0234294605529101,-0.0334521112903824
0.0078,-0.0038,15.485171274050947,-0.023118700998589144,-0.035276160760322015
0.0079,-0.0038,15.536317419618106,-0.022698458337284913,-0.03696378615344358
0.008,-0.0038,15.58779886569679,-0.02215635133702568,-0.038456139624130734
0.0081,-0.0038,15.638441244622097,-0.021479044108759438,-0.0396811559942229
0.0082,-0.0038,15.687170747474426,-0.02065657701534604,-0.0405633445723619
0.0083,-0.0038,15.7337104771717,-0.019681435849947543,-0.04103752320996029
0.0084,-0.0038,15.774850109269687,-0.018564292459951205,-0.04106576577032429
0.0085,-0.0038,15.81014199758209,-0.017308651813959748,-0.04062376209434676
0.0086,-0.0038,15.84614213636584,-0.015880327111828744,-0.039804535512409187
0.0087,-0.0038,15.878179357835275,-0.01438567479181303,-0.03876096027293669
0.0088,-0.0038,15.896149901520502,-0.012898214686657156,-0.03750341045392882
0.0089,-0.0038,15.908791893700378,-0.011390699719394439,-0.03603194221087229
0.009,-0.0038,15.929196173601268,-0.009929187171319525,-0.03489666560132571
0.0091,-0.0038,15.941664351933554,-0.008474137146290249,-0.03442338180120705
0.0092,-0.0038,15.925374948235389,-0.007411620668326516,-0.03303799259978475
0.0093,-0.0038,15.9195181886934,-0.006268721304256262,-0.03062893740453053
0.0094,-0.0038,15.93723299280459,-0.004856737167225219,-0.02856236448173271
0.0095,-0.0038,15.931396762638226,-0.0035113649051514173,-0.02512274266113061
0.0096,-0.0038,15.915378657000579,-0.002250217803156118,-0.020034142728688174
0.0097,-0.0038,15.903574220592494,-0.0013790602819913525,-0.014858260627338025
0.0098,-0.0038,15.883394019562646,-0.0007283436930386107,-0.009754830635145144
0.0099,-0.0038,15.867426787141502,-0.00021547925134064185,-0.004831648643297466
0.01,-0.0038,0.0,0.0,0.0
0.0,-0.0037,0.0,0.0,0.0
0.0001,-0.0037,15.75086860304535,-2.474835492819518e-05,0.0025922553508770205
0.0002,-0.0037,15.748527470749838,-6.126313657135553e-05,0.00495236855561115
0.0003,-0.0037,15.745948642155984,-0.00013902675499743636,0.0071253788208116555
0.0004,-0.0037,15.743378114357386,-0.00023714895514588173,0.009143784935550112
0.0005,-0.0037,15.740751134349635,-0.0003596512863648265,0.0110336329246873
0.0006,-0.0037,15.73819069918739,-0.00048578872481995993,0.012777515001962565
0.0007,-0.0037,15.735917119996767,-0.0006362055333042782,0.014358899437630095
0.0008,-0.0037,15.733602383893876,-0.000810377493121294,0.015777533545555916
0.0009,-0.0037,15.731092868724822,-0.0010076303885026706,0.01703437789890108
0.001,-0.0037,15.728384789412146,-0.00122275650671186,0.01814683387403732
0.0011,-0.0037,15.725479031294523,-0.00144975131910386,0.019138030494423662
0.0012,-0.0037,15.722323037232073,-0.0016815550772432885,0.0200294930941287
0.0013,-0.0037,15.718954701704163,-0.0019093179619785927,0.020830914638585402
0.0014,-0.0037,15.715140175237563,-0.00213526868668409,0.021543874772207355
0.0015,-0.0037,15.710916130892914,-0.0023502388393464,0.02217440559655936
0.0016,-0.0037,15.706369586110432,-0.0025754521094117793,0.022686670941742645
0.0017,-0.0037,15.701255687335015,-0.0027968610488409967,0.02307897501433615
0.0018,-0.0037,15.69455558509601,-0.0030186395380657855,0.02333144688260412
0.0019,-0.0037,15.687495892672814,-0.003273608128593873,0.023461703883316167
0.002,-0.0037,15.682676903181603,-0.0035223443008916104,0.02351808472446479
0.0021,-0.0037,15.677709508916674,-0.0037893060972864837,0.023460329880102875
0.0022,-0.0037,15.669733541112878,-0.00407431235636703,0.023315579947040838
0.0023,-0.0037,15.661293890852892,-0.004369682077050376,0.023123517962391215
0.0024,-0.0037,15.654200540268567,-0.00467748157601038,0.022871143373192456
0.0025,-0.0037,15.648484338330865,-0.004976007998122403,0.022588324209414503
0.0026,-0.0037,15.642529830928673,-0.005273425443579977,0.02230984979127436
0.0027,-0.0037,15.634876037811813,-0.0055679475580755885,0.02202658012365945
0.0028,-0.0037,15.627105896064732,-0.005857463942193398,0.021744079074467723
0.0029,-0.0037,15.619489051460025,-0.006137915082075017,0.02147219794991302
0.003,-0.0037,15.611629077505802,-0.006407306410845889,0.021213688465796843
0.0031,-0.0037,15.603384478553634,-0.00666606331159442,0.020965741085329483
0.0032,-0.0037,15.594764695017163,-0.0069160544620567085,0.020723225053801923
0.0033,-0.0037,15.585775145559564,-0.007160309138858757,0.02047999531896377
0.0034,-0.0037,15.576416303059991,-0.007402868409369982,0.020229840228784764
0.0035,-0.0037,15.56668601517236,-0.007648377051075803,0.019967386117949827
0.0036,-0.0037,15.556573236071612,-0.007901634517849664,0.019688754276291878
0.0037,-0.0037,15.54604936800098,-0.008167129829891503,0.01939186535871966
0.0038,-0.0037,15.535063683694352,-0.008448636457603636,0.019076402347266874
0.0039,-0.0037,15.523541679646444,-0.008748892255285473,0.018743471612920094
0.004,-0.0037,15.511388116446192,-0.00906940017963044,0.018395052274033232
0.0041,-0.0037,15.498491231975136,-0.009410351560719477,0.0180333232741535
0.0042,-0.0037,15.484731901709884,-0.009770678355249947,0.01765996571300959
0.0043,-0.0037,15.469994365930983,-0.010148203434300899,0.017275535887889194
0.0044,-0.0037,15.454175575140152,-0.010539896595227902,0.016878966526434613
0.0045,-0.0037,15.437198050104799,-0.010942137569209922,0.01646725085780313
0.0046,-0.0037,15.41901870052989,-0.01135115310696348,0.016035341890241802
0.0047,-0.0037,15.399637246934157,-0.011763252373386667,0.015576252183531942
0.0048,-0.0037,15.379099485416203,-0.01217474895432677,0.01508072940468397
0.0049,-0.0037,15.357508207293845,-0.012582537152246855,0.014538091729861077
0.005,-0.0037,15.335021980777121,-0.012985849500806532,0.013937897768143158
0.0051,-0.0037,15.31186672217476,-0.013384769351819314,0.013270119627300729
0.0052,-0.0037,15.288289168315341,-0.01377917618983535,0.012523498453331623
0.0053,-0.0037,15.264520500799065,-0.014167483565210262,0.011685972893111653
0.0054,-0.0037,15.240830677336138,-0.01454848618952028,0.01074181314493705
0.0055,-0.0037,15.217549500121144,-0.014929339636717507,0.009680995778923195
0.0056,-0.0037,15.19541201046506,-0.015304631111209806,0.00850576422810298
0.0057,-0.0037,15.174696507374856,-0.015689374535731403,0.007216026063937624
0.0058,-0.0037,15.155332229708122,-0.016085713812079065,0.005806010565281456
0.0059,-0.0037,15.13765308739706,-0.016489467513673865,0.004271036046380117
0.006,-0.0037,15.121863707569085,-0.016907186675489874,0.002610698433301876
0.0061,-0.0037,15.108669502017433,-0.017332444591984592,0.0008286780373373639
0.0062,-0.0037,15.098566277164773,-0.01777129498571823,-0.001065185459342137
0.0063,-0.0037,15.091554616709457,-0.018221557849934636,-0.003058496734189632
0.0064,-0.0037,15.08783438083134,-0.018680398695575657,-0.005139173386977192
0.0065,-0.0037,15.087556761347406,-0.01914349244522321,-0.007293132642179339
0.0066,-0.0037,15.090890006410884,-0.019606011846233784,-0.009504581576387198
0.0067,-0.0037,15.097999224548047,-0.020061090070181135,-0.011757034102605703
0.0068,-0.0037,15.109040744748508,-0.020500180007317657,-0.014034242862358319
0.0069,-0.0037,15.12414618649293,-0.02091474758609744,-0.016319767343935927
0.007,-0.0037,15.143424677788019,-0.021296287320176677,-0.018598376411367693
0.0071,-0.0037,15.166964892883238,-0.021636247305897607,-0.020857528985550558
0.0072,-0.0037,15.194828552890014,-0.021926499764609152,-0.02308793414453708
0.0073,-0.0037,15.22703189142657,-0.022159512450546308,-0.025283601324540775
0.0074,-0.0037,15.263524189560545,-0.02232835244975148,-0.02744105516461271
0.0075,-0.0037,15.304158277773867,-0.022426321053796605,-0.029557358876656663
0.0076,-0.0037,15.348656580674048,-0.02244632557391,-0.031626969535043056
0.0077,-0.0037,15.396582105143516,-0.022380147023894712,-0.03363735126085696
0.0078,-0.0037,15.447321666788604,-0.022217609840962896,-0.035564121107472146
0.0079,-0.0037,15.50003443628115,-0.021946248436437412,-0.03736709541169862
0.008,-0.0037,15.553698267684563,-0.02155151653852604,-0.03898888701551139
0.0081,-0.0037,15.607121958087683,-0.021018945394860523,-0.040357211579006506
0.0082,-0.0037,15.659307950135036,-0.020332536300302004,-0.04139343183201921
0.0083,-0.0037,15.708724672611666,-0.01948510973670771,-0.04202710330469368
0.0084,-0.0037,15.755534195338615,-0.018484409469479282,-0.04221694833212577
0.0085,-0.0037,15.797023705777882,-0.017337987758094787,-0.04193214546278009
0.0086,-0.0037,15.831220471845738,-0.016002213669860876,-0.04119861579448206
0.0087,-0.0037,15.867965259608091,-0.01458275346439132,-0.04022793815452247
0.0088,-0.0037,15.899081648925042,-0.013110525499145657,-0.03909294468837953
0.0089,-0.0037,15.912145151211057,-0.011563578409010906,-0.03763413410567171
0.009,-0.0037,15.921692668420011,-0.010175355520323538,-0.0362370222126772
0.0091,-0.0037,15.944705348493535,-0.008700714065564358,-0.035675427117178034
0.0092,-0.0037,15.937449421691971,-0.007661205504976345,-0.03448119325044363
0.0093,-0.0037,15.939094227458904,-0.006481256688497385,-0.032104125942663174
0.0094,-0.0037,15.965219147454661,-0.004896601950756588,-0.029947937350822625
0.0095,-0.0037,15.949138270800729,-0.003547425557138822,-0.026319184748403
0.0096,-0.0037,15.927877619044532,-0.0023343721538965235,-0.02101514971491472
0.0097,-0.0037,15.913299022589802,-0.001475158349599317,-0.015671833374621347
0.0098,-0.0037,15.891205922612402,-0.0007690411500267386,-0.010373306415452057
0.0099,-0.0037,15.8756720790182,-0.00023634433833142105,-0.005196191424190977
0.01,-0.0037,0.0,0.0,0.0
0.0,-0.0036,0.0,0.0,0.0
0.0001,-0.0036,15.736591299152634,-1.816048446070994e-05,0.0026099595543124018
0.0002,-0.0036,15.734486346884449,-5.968535037607708e-05,0.005009614855233404
0.0003,-0.0036,15.73194735456887,-0.0001283239342449323,0.007213804389405448
0.0004,-0.0036,15.729421053609835,-0.00024196734476961384,0.00925027565474929
0.0005,-0.0036,15.726667095809109,-0.0003615699503721622,0.011157419566301239
0.0006,-0.0036,15.72426244562047,-0.0004763151076506664,0.012917069007985237
0.0007,-0.0036,15.722202632579267,-0.0006264140905156565,0.014517580917445766
0.0008,-0.0036,15.720030265577092,-0.0007928089163650978,0.015958080123910385
0.0009,-0.0036,15.717686311662936,-0.000980024914884685,0.017236265547427593
0.001,-0.0036,15.7151440747075,-0.0011843859030908734,0.018364710756202156
0.0011,-0.0036,15.71244886377864,-0.0014003180884375247,0.0193639452349171
0.0012,-0.0036,15.70950794105123,-0.0016219395813995613,0.020255689089103895
0.0013,-0.0036,15.706383263395878,-0.0018388690123429387,0.021052880663340212
0.0014,-0.0036,15.702778408853536,-0.002055135872564471,0.021758922199001735
0.0015,-0.0036,15.698915303487869,-0.0022564557124781686,0.022386696641101832
0.0016,-0.0036,15.69451834636006,-0.0024563487738795634,0.022901767154617746
0.0017,-0.0036,15.68901870424222,-0.002657266287033101,0.023286031675681846
0.0018,-0.0036,15.683105567467294,-0.0028659484056464146,0.023552456120896237
0.0019,-0.0036,15.67700312568917,-0.0030974164413301248,0.02369933430713493
0.002,-0.0036,15.67173025313632,-0.0033299748958595366,0.02376294015740439
0.0021,-0.0036,15.667423151365028,-0.003572197056641044,0.02373534773461236
0.0022,-0.0036,15.660318510744178,-0.0038260299504052045,0.023596408300366467
0.0023,-0.0036,15.65116244754471,-0.004086052662445213,0.023384540248246797
0.0024,-0.0036,15.64565469683451,-0.004354819635507955,0.023138300404131017
0.0025,-0.0036,15.640354202969318,-0.004629600933051489,0.02287890044817751
0.0026,-0.0036,15.631873736503524,-0.004902733999492802,0.02260322117193844
0.0027,-0.0036,15.623647067354971,-0.005174951014054776,0.022309082923441456
0.0028,-0.0036,15.616171162354188,-0.005439981083634683,0.022016001691481234
0.0029,-0.0036,15.6085136236016,-0.005694139987677839,0.021733740596788623
0.003,-0.0036,15.60044276322421,-0.005936955082546421,0.02146411847746901
0.0031,-0.0036,15.59197034861237,-0.006168504612608331,0.021205670072790044
0.0032,-0.0036,15.58308991355862,-0.0063900026075527664,0.020954808100515043
0.0033,-0.0036,15.57377929421094,-0.006603864068881838,0.020706556630995396
0.0034,-0.0036,15.564023037802722,-0.00681350760050118,0.020455518030698797
0.0035,-0.0036,15.553807174845142,-0.007022963461763396,0.02019671446771222
0.0036,-0.0036,15.543110900564512,-0.007236463197114823,0.019926217690966606
0.0037,-0.0036,15.531901016611945,-0.007458015722338506,0.019641472407074548
0.0038,-0.0036,15.520127509723116,-0.0076910305065732015,0.019341323966928153
0.0039,-0.0036,15.507722248384972,-0.007938019760449302,0.01902578572149323
0.004,-0.0036,15.494601751823218,-0.008200409656575168,0.01869561010698596
0.0041,-0.0036,15.480670982052157,-0.008478466005140501,0.018351735561715363
0.0042,-0.0036,15.465831367508299,-0.008771340855523013,0.017994704606046415
0.0043,-0.0036,15.449989180487053,-0.009077212772437124,0.01762413875194882
0.0044,-0.0036,15.43306563063231,-0.009393521703111932,0.017238298329860513
0.0045,-0.0036,15.415006376184305,-0.00971722058974602,0.016833816738122634
0.0046,-0.0036,15.395790195245766,-0.010045250268025531,0.016405689276398912
0.0047,-0.0036,15.37543554483549,-0.010374358265266902,0.01594688569797947
0.0048,-0.0036,15.354007906928,-0.010701599170537673,0.01544871503452122
0.0049,-0.0036,15.331625939839455,-0.011025756635600813,0.01490228440449197
0.005,-0.0036,15.30845613350825,-0.011346381156348288,0.014298049975824591
0.0051,-0.0036,15.284707840342788,-0.011662840693002566,0.013625440000772709
0.0052,-0.0036,15.260612780066179,-0.011974696436214467,0.012873092925923035
0.0053,-0.0036,15.236416404247318,-0.012282256547239063,0.01202928161912055
0.0054,-0.0036,15.212443512795012,-0.012587498635437528,0.011083028036732502
0.0055,-0.0036,15.188985152828462,-0.012896977881066774,0.010026752884089697
0.0056,-0.0036,15.166661824219087,-0.013212514288841421,0.008860088071884077
0.0057,-0.0036,15.145811251316589,-0.013542187206176481,0.0075819988817597975
0.0058,-0.0036,15.126559651041829,-0.013872572071242756,0.0061817524011019
0.0059,-0.0036,15.109113830219638,-0.014234013385332133,0.004655695243513253
0.006,-0.0036,15.093368003491177,-0.014617926470187828,0.0030109680387817705
0.0061,-0.0036,15.080084196053733,-0.0150033548785179,0.0012487358469188132
0.0062,-0.0036,15.06987957755113,-0.015421717883743516,-0.0006273366865648753
0.0063,-0.0036,15.0627884352312,-0.015861698615569585,-0.0026056291573655914
0.0064,-0.0036,15.058975631079813,-0.016321326095773254,-0.0046739846451516
0.0065,-0.0036,15.058517971203974,-0.016797851786588144,-0.006819220888265215
0.0066,-0.0036,15.061599053958293,-0.017286736167809163,-0.00902768480203834
0.0067,-0.0036,15.068395529691275,-0.017780415398937148,-0.011285256654322815
0.0068,-0.0036,15.079055938396651,-0.01827130189115869,-0.013575939440585829
0.0069,-0.0036,15.093703586668346,-0.01875128965903916,-0.015883430310057636
0.007,-0.0036,15.11245161385638,-0.01921150748135163,-0.01819288013131
0.0071,-0.0036,15.135403207191992,-0.0196428491323469,-0.02049163137674515
0.0072,-0.0036,15.162644436158635,-0.020036358530287318,-0.022769977571962693
0.0073,-0.0036,15.194227960073938,-0.020383473175092807,-0.025021333291278598
0.0074,-0.0036,15.230155351823443,-0.02067602031591606,-0.027241799440221932
0.0075,-0.0036,15.270348582776839,-0.020906005564148653,-0.02942848029391437
0.0076,-0.0036,15.314615158062633,-0.021065111759085393,-0.03157655470840243
0.0077,-0.0036,15.36261013438986,-0.021143975734880846,-0.033675003425441837
0.0078,-0.0036,15.413814044156805,-0.021131318555641782,-0.0357016824357543
0.0079,-0.0036,15.467509361008785,-0.021013377032407445,-0.037618919516992956
0.008,-0.0036,15.522778958616442,-0.02077366850945693,-0.03937095671443281
0.0081,-0.0036,15.578433146973513,-0.020395074204054363,-0.04088611325444209
0.0082,-0.0036,15.633356815939056,-0.019859146075769822,-0.0420830713328859
0.0083,-0.0036,15.686078924160933,-0.019154599299127315,-0.04288584250545874
0.0084,-0.0036,15.736513127267628,-0.018276080367663095,-0.043239779242739626
0.0085,-0.0036,15.780679527958277,-0.017240306761352,-0.043126277625817555
0.0086,-0.0036,15.817673063397361,-0.01606011133854991,-0.04254042520567527
0.0087,-0.0036,15.858448316881764,-0.014697627131483822,-0.04163616559531243
0.0088,-0.0036,15.89382933837945,-0.013250533841952086,-0.040565858561584706
0.0089,-0.0036,15.909246114976767,-0.011776726082657271,-0.03919678497324976
0.009,-0.0036,15.917959761705804,-0.010444545327216387,-0.0376379331811978
0.0091,-0.0036,15.956736396523944,-0.00891392925320478,-0.036804614138333025
0.0092,-0.0036,15.964061283310652,-0.007772175026455347,-0.035742973879719184
0.0093,-0.0036,15.968350257147206,-0.0064621078741338754,-0.033475998564315955
0.0094,-0.0036,15.985731745506653,-0.004877322608686341,-0.031053630392218638
0.0095,-0.0036,15.958592699478029,-0.0037568273603553483,-0.027326003457350225
0.0096,-0.0036,15.939088682156928,-0.002596144616410303,-0.022049086567116218
0.0097,-0.0036,15.923680487178524,-0.0016155641990285203,-0.016579936339306985
0.0098,-0.0036,15.901739916165397,-0.00078684066386812,-0.01103395168673316
0.0099,-0.0036,15.884284590909694,-0.0002591956302675829,-0.0055065587029399544
0.01,-0.0036,0.0,0.0,0.0
0.0,-0.0035,0.0,0.0,0.0
0.0001,-0.0035,15.722058247791558,-9.622052124098424e-06,0.0026370088204281544
0.0002,-0.0035,15.720346707208115,-7.189706923709587e-05,0.005069199725911668
0.0003,-0.0035,15.717681940598732,-0.00012037782590185311,0.007303794955241923
0.0004,-0.0035,15.715277869673722,-0.0002509482938039705,0.00936679299938831
0.0005,-0.0035,15.712468420005337,-0.0003654763068054982,0.01128283546314193
0.0006,-0.0035,15.710241444249656,-0.00047498742964922425,0.013051199626911633
0.0007,-0.0035,15.708341895962485,-0.0006220949247547878,0.014670534896612337
0.0008,-0.0035,15.706303790359671,-0.0007822236460312498,0.016130276715638308
0.0009,-0.0035,15.70412705197856,-0.000960446836016737,0.017427903286865835
0.001,-0.0035,15.701778507869559,-0.0011547309845258407,0.018571537282399287
0.0011,-0.0035,15.699326658810287,-0.0013599883921936807,0.0195791820354507
0.0012,-0.0035,15.696648714845585,-0.0015707387357622878,0.020471408417818093
0.0013,-0.0035,15.69377873935059,-0.0017769365086081597,0.021263759447254765
0.0014,-0.0035,15.690468798688077,-0.0019814638613447387,0.021961780902802232
0.0015,-0.0035,15.686925883337585,-0.0021714080599585413,0.02257886986236581
0.0016,-0.0035,15.682904940218986,-0.002349606052157776,0.023089292055072902
0.0017,-0.0035,15.677811371559265,-0.002532340373543318,0.023473084138036646
0.0018,-0.0035,15.672612376670264,-0.002723998825384502,0.023753301096146446
0.0019,-0.0035,15.667248940467958,-0.002927151226523159,0.023916323149110526
0.002,-0.0035,15.661789587394114,-0.003137963513365115,0.023988142990759093
0.0021,-0.0035,15.657317019785486,-0.003350769466895216,0.023983104078619703
0.0022,-0.0035,15.652628219169463,-0.0035900146328966378,0.023875433706764242
0.0023,-0.0035,15.647458157319825,-0.0038070007264190374,0.023685806369627336
0.0024,-0.0035,15.640750234963608,-0.004015357912725465,0.02344706836248234
0.0025,-0.0035,15.630678011217748,-0.0042695785004300615,0.023172240903740267
0.0026,-0.0035,15.620907835582686,-0.004522373672892514,0.022870567897100416
0.0027,-0.0035,15.613359726474803,-0.004769353695503044,0.022563083646030907
0.0028,-0.0035,15.605989680089028,-0.005005792663041615,0.022260931622025654
0.0029,-0.0035,15.598133339562382,-0.00523120513803268,0.021968020861344917
0.003,-0.0035,15.589866993855374,-0.005445163971269592,0.021686629424541918
0.0031,-0.0035,15.581190787933807,-0.005647163687512038,0.02141670715685702
0.0032,-0.0035,15.572064361436341,-0.005837864154179141,0.02115596311030903
0.0033,-0.0035,15.56245226443206,-0.006019095568088453,0.020900515598279892
0.0034,-0.0035,15.552328677247152,-0.006193636487891702,0.02064577376613814
0.0035,-0.0035,15.541668717062898,-0.006364891597859202,0.020387199935778137
0.0036,-0.0035,15.530444023535559,-0.00653652365100228,0.020120890689142676
0.0037,-0.0035,15.518618276487215,-0.006712075263836615,0.019843921690981967
0.0038,-0.0035,15.50614268042223,-0.006894619941096899,0.019554438354293928
0.0039,-0.0035,15.492956561557465,-0.007086483757372566,0.019251513069826885
0.004,-0.0035,15.478987786465535,-0.007289067336114387,0.0189348266680471
0.0041,-0.0035,15.464157799440319,-0.007502768723765223,0.01860423159145153
0.0042,-0.0035,15.448387043889781,-0.00772702050716278,0.018259278618341784
0.0043,-0.0035,15.431603423607008,-0.007960420326479749,0.017898772502757485
0.0044,-0.0035,15.413750182371793,-0.008200916593627925,0.01752040371486436
0.0045,-0.0035,15.394794244831257,-0.008446186245635156,0.017120614586226154
0.0046,-0.0035,15.374734217376252,-0.008693584266051609,0.016694185835496353
0.0047,-0.0035,15.35360729602063,-0.008940535528744385,0.01623433861016997
0.0048,-0.0035,15.3314958595399,-0.009185548370078692,0.01573368782772713
0.0049,-0.0035,15.308525051105205,-0.009427982726451928,0.015184064929329827
0.005,-0.0035,15.284860795340489,-0.00966691930205084,0.014575867354141415
0.0051,-0.0035,15.260705171284263,-0.009902035269367174,0.013898849237007406
0.0052,-0.0035,15.236291668297072,-0.010133998957740238,0.013142674864627592
0.0053,-0.0035,15.211883568661985,-0.010364968112282193,0.012297574275939976
0.0054,-0.0035,15.187804627584061,-0.010598375440676138,0.011354777381480208
0.0055,-0.0035,15.164373491529739,-0.010839959352577862,0.010307605963876438
0.0056,-0.0035,15.14207066423415,-0.011093336395964057,0.009153623266287698
0.0057,-0.0035,15.121159235629746,-0.011362711567123809,0.007886331885312951
0.0058,-0.0035,15.102019829142868,-0.011639136385792193,0.0064969178041764455
0.0059,-0.0035,15.084865824738191,-0.011954033099276253,0.004987290970851396
0.006,-0.0035,15.069248693375622,-0.01229755552760266,0.0033677381327723898
0.0061,-0.0035,15.05601535015171,-0.012650556138619193,0.0016382151961565217
0.0062,-0.0035,15.046094500663292,-0.013042003873439026,-0.00020823414361936668
0.0063,-0.0035,15.039254304073644,-0.013464816326978041,-0.0021616624971335626
0.0064,-0.0035,15.035461830337773,-0.013918855979201537,-0.004205514274229331
0.0065,-0.0035,15.034929239421743,-0.014401473582291113,-0.0063295907106071326
0.0066,-0.0035,15.037887093901308,-0.014906668841167467,-0.008523587518960679
0.0067,-0.0035,15.044499031470483,-0.01542842158105938,-0.010773795941140535
0.0068,-0.0035,15.054886979941736,-0.015960235526953928,-0.01306460166968207
0.0069,-0.0035,15.069168368889791,-0.016494146554520136,-0.015380778556327456
0.007,-0.0035,15.087458797284624,-0.017021332542875398,-0.017708038964827196
0.0071,-0.0035,15.109871989250884,-0.01753249320185619,-0.02003387598306932
0.0072,-0.0035,15.136510838920392,-0.018018227740732376,-0.022348402910672863
0.0073,-0.0035,15.167456397187928,-0.018469221411677055,-0.024644716300907966
0.0074,-0.0035,15.202751950753482,-0.018876344878248602,-0.02691864419703805
0.0075,-0.0035,15.242373504629887,-0.01923058017974899,-0.02916728882221166
0.0076,-0.0035,15.286199411549045,-0.019522616851896796,-0.03138643648418931
0.0077,-0.0035,15.333974165208813,-0.019742159519503876,-0.033566523303742365
0.0078,-0.0035,15.38527163999217,-0.019877094338099092,-0.03568776178509089
0.0079,-0.0035,15.43947254997564,-0.019912728930394606,-0.03771527161485666
0.008,-0.0035,15.495753542021394,-0.019831456346545397,-0.03959570375728154
0.0081,-0.0035,15.553119434383792,-0.019613377309708982,-0.041258240631946164
0.0082,-0.0035,15.61024401488008,-0.01923817685904058,-0.04262025291974919
0.0083,-0.0035,15.665842572601635,-0.01868999493894506,-0.04359978989920705
0.0084,-0.0035,15.719150495609423,-0.017958093088742005,-0.04413368572800066
0.0085,-0.0035,15.769381647923229,-0.017051073710893663,-0.04419691185079364
0.0086,-0.0035,15.81382941596229,-0.016004377338657946,-0.04377615160653211
0.0087,-0.0035,15.85482934132551,-0.014731166766509792,-0.042956557991618405
0.0088,-0.0035,15.895589940263617,-0.013347178591009076,-0.041988024321178305
0.0089,-0.0035,15.918350222089114,-0.011908968036143875,-0.04079558581979359
0.009,-0.0035,15.919979758284098,-0.010566585601836364,-0.03915965525877648
0.0091,-0.0035,15.955999247234722,-0.009053190716796956,-0.03789091640914906
0.0092,-0.0035,15.977291876493558,-0.007843364470789723,-0.03689811056929638
0.0093,-0.0035,15.983333587525923,-0.006378405181146751,-0.03472711902910814
0.0094,-0.0035,15.987125780070413,-0.0048985959159074804,-0.03188594280391742
0.0095,-0.0035,15.96078239793457,-0.0040781355340982215,-0.02830347773398815
0.0096,-0.0035,15.947464956678846,-0.002887660424587396,-0.02326777649792247
0.0097,-0.0035,15.934619599578737,-0.001716642990290897,-0.017599834242432083
0.0098,-0.0035,15.914849277930978,-0.0008298058730674927,-0.011738968384011512
0.0099,-0.0035,15.897071200935683,-0.00026604732868756365,-0.005865587544492126
0.01,-0.0035,0.0,0.0,0.0
0.0,-0.0034,0.0,0.0,0.0
0.0001,-0.0034,15.707867134796512,-1.469496245532638e-05,0.002677927724075469
0.0002,-0.0034,15.706073786733155,-7.354510772780401e-05,0.005133350274377525
0.0003,-0.0034,15.703302782528555,-0.00012895385691525816,0.007392392622373395
0.0004,-0.0034,15.700947307011113,-0.0002482779901043316,0.009480707068286603
0.0005,-0.0034,15.698273166595563,-0.0003641359330368081,0.011406080794907581
0.0006,-0.0034,15.696157686727648,-0.00048430793395437685,0.013185320845164269
0.0007,-0.0034,15.69434202628671,-0.0006235103639323225,0.014818943519455197
0.0008,-0.0034,15.692409247747136,-0.0007793315230896171,0.01629537259835876
0.0009,-0.0034,15.690390604098534,-0.0009498893512678954,0.01761033135140032
0.001,-0.0034,15.688288041141268,-0.001135132088483575,0.018767994728673482
0.0011,-0.0034,15.686099871254441,-0.0013301711902792988,0.019783687925274032
0.0012,-0.0034,15.683739925053295,-0.001529935634991805,0.02067634938099123
0.0013,-0.0034,15.681181380408956,-0.0017253169692197797,0.021463289838273947
0.0014,-0.0034,15.678230324787227,-0.0019173447263493805,0.022153242654395607
0.0015,-0.0034,15.675095445538782,-0.002096368376772012,0.02275530472388666
0.0016,-0.0034,15.67154428002434,-0.002257925553339089,0.023258958254060057
0.0017,-0.0034,15.66694885722296,-0.0024219364682564804,0.023649261465738692
0.0018,-0.0034,15.66232045459248,-0.0025891484529664763,0.023938888456417087
0.0019,-0.0034,15.657357438876417,-0.002761766841582668,0.024113418247605874
0.002,-0.0034,15.651755055091668,-0.002945683342856211,0.02419159010058775
0.0021,-0.0034,15.646602312311062,-0.003124777114687823,0.024202115112974085
0.0022,-0.0034,15.639580154531265,-0.0033174794030383092,0.024116998094602025
0.0023,-0.0034,15.631368178258773,-0.003510830780438529,0.023948664031450996
0.0024,-0.0034,15.624837996260977,-0.0037100071988897757,0.023714359813155436
0.0025,-0.0034,15.618372610928906,-0.003928883962554931,0.02341924301320267
0.0026,-0.0034,15.611368295260464,-0.004141286946125094,0.023101902843913412
0.0027,-0.0034,15.604164220595319,-0.004352559782308449,0.02278706800580151
0.0028,-0.0034,15.596487822396618,-0.0045564505214274525,0.02247629877124927
0.0029,-0.0034,15.588442913960096,-0.004750709278523058,0.022172400406547957
0.003,-0.0034,15.580014786447688,-0.004933289237478716,0.02187880399899575
0.0031,-0.0034,15.57115043268866,-0.005103353366194469,0.021596556921795365
0.0032,-0.0034,15.561794980642087,-0.005261053005908023,0.021324506018756333
0.0033,-0.0034,15.55190670103654,-0.0054076407547017005,0.021059806868809837
0.0034,-0.0034,15.541450042518257,-0.005545255728752162,0.020798666160632664
0.0035,-0.0034,15.530391885999808,-0.005676684437084082,0.020537018529781022
0.0036,-0.0034,15.518698084223566,-0.005805028169459818,0.020271071744178956
0.0037,-0.0034,15.506329547007406,-0.005933374657197433,0.019997654588123068
0.0038,-0.0034,15.493240598804363,-0.0060644797772565024,0.01971435746093744
0.0039,-0.0034,15.479377155221417,-0.006200509385169237,0.019419475079330947
0.004,-0.0034,15.464678643159163,-0.006342869263787412,0.019111779560923227
0.0041,-0.0034,15.449081580928643,-0.006492125099722063,0.018790196166882635
0.0042,-0.0034,15.432524906916031,-0.006648026303118711,0.018453420008438515
0.0043,-0.0034,15.414956151389708,-0.006809609878983035,0.018099557601455856
0.0044,-0.0034,15.396338917280017,-0.006975447390768819,0.01772590167411215
0.0045,-0.0034,15.376659397553686,-0.0071437129500742476,0.017328543355206755
0.0046,-0.0034,15.35593510705447,-0.007312307607171926,0.016902205626973244
0.0047,-0.0034,15.334220040022252,-0.007479866134331662,0.01644094513425407
0.0048,-0.0034,15.311606983311782,-0.0076456345770510095,0.01593802049396407
0.0049,-0.0034,15.28822493027627,-0.007808734856558614,0.015385205485436213
0.005,-0.0034,15.264241427467315,-0.007968638559119041,0.014773392681283824
0.0051,-0.0034,15.239860701841446,-0.00812602645533029,0.014093446529597963
0.0052,-0.0034,15.21532285995932,-0.008282729680890404,0.013336441586586466
0.0053,-0.0034,15.190899752378657,-0.008441590866652589,0.012493654710338028
0.0054,-0.0034,15.166900956084627,-0.008606698231424917,0.01155767250454661
0.0055,-0.0034,15.143638089838973,-0.008782778108923606,0.010522461444703955
0.0056,-0.0034,15.121444453636077,-0.008973193899224663,0.009383127190620861
0.0057,-0.0034,15.100609007386144,-0.009182186339699552,0.008133568994784625
0.0058,-0.0034,15.081624184739391,-0.009413905293861581,0.006771214736883279
0.0059,-0.0034,15.064767708488182,-0.00967790914830067,0.005293364190439167
0.006,-0.0034,15.049422296491345,-0.009978252364239224,0.003698872997226082
0.0061,-0.0034,15.036349698597416,-0.010302909768791417,0.0019964681807500178
0.0062,-0.0034,15.026934433044106,-0.010660393546910748,0.00018378375734294668
0.0063,-0.0034,15.020563155040477,-0.011064123997114967,-0.0017327736414856766
0.0064,-0.0034,15.016903904422561,-0.011508527164357884,-0.003739748821982466
0.0065,-0.0034,15.01646499200228,-0.011988414551701267,-0.005833365223645732
0.0066,-0.0034,15.019451153024292,-0.012500453838202495,-0.008002317621286649
0.0067,-0.0034,15.026009404663528,-0.013040568632132574,-0.010233045819603307
0.0068,-0.0034,15.036246385099162,-0.013602519770757753,-0.012511506428816073
0.0069,-0.0034,15.0502755942096,-0.014178797086113849,-0.014823621951808613
0.007,-0.0034,15.068212391442154,-0.014760882341705577,-0.0171558543564491
0.0071,-0.0034,15.090174877869659,-0.01533961172358277,-0.01949609952110399
0.0072,-0.0034,15.116278028535335,-0.015905389806735816,-0.021834591983049458
0.0073,-0.0034,15.146627118911026,-0.01644848248004361,-0.02416434768015261
0.0074,-0.0034,15.181297411088423,-0.016959195039513177,-0.026481069599749725
0.0075,-0.0034,15.220308507463534,-0.017427814545202078,-0.028781906137124218
0.0076,-0.0034,15.263596742135473,-0.017844264403479755,-0.03106323434510444
0.0077,-0.0034,15.31097789793566,-0.018197495571580784,-0.03331684364071714
0.0078,-0.0034,15.362111930414558,-0.018474728235232798,-0.03552514439523718
0.0079,-0.0034,15.416475268973297,-0.01866064060992074,-0.03765627152373978
0.008,-0.0034,15.473337593982308,-0.018736821619206107,-0.03966000068015727
0.0081,-0.0034,15.531816373237614,-0.018682031824228132,-0.041467219624609156
0.0082,-0.0034,15.59073509636528,-0.018472841838345813,-0.042994617849356945
0.0083,-0.0034,15.648628579681255,-0.018090132302914154,-0.04415563821829231
0.0084,-0.0034,15.7051634441725,-0.01751621814896591,-0.044877112079110076
0.0085,-0.0034,15.759101546328164,-0.016738931309384045,-0.04511826302396595
0.0086,-0.0034,15.804483308944908,-0.015803504925535793,-0.044879251319063514
0.0087,-0.0034,15.844469028610792,-0.014696422434201772,-0.044178776353209985
0.0088,-0.0034,15.894412852510149,-0.013407383400169405,-0.04327534093573804
0.0089,-0.0034,15.933189951947012,-0.011989100105280844,-0.04222473291719926
0.009,-0.0034,15.935800186899254,-0.010660305032770708,-0.040711813944870216
0.0091,-0.0034,15.958735333277225,-0.00919638312236638,-0.03919598630251362
0.0092,-0.0034,15.980941779611054,-0.007837752141780664,-0.038302997874564905
0.0093,-0.0034,15.981098559817985,-0.006404142116875175,-0.03613797865859364
0.0094,-0.0034,15.97507951064211,-0.0050477346000754875,-0.032747616825584525
0.0095,-0.0034,15.96374195493804,-0.0042606712431458105,-0.029374539341924574
0.0096,-0.0034,15.958639882460277,-0.0030300146045423118,-0.024637769824605867
0.0097,-0.0034,15.947267402668738,-0.0017306442867275422,-0.018702361211637077
0.0098,-0.0034,15.93070780353206,-0.000863489759224532,-0.012480812094112129
0.0099,-0.0034,15.912626163083887,-0.00026200673779477467,-0.006237904558878936
0.01,-0.0034,0.0,0.0,0.0
0.0,-0.0033,0.0,0.0,0.0
0.0001,-0.0033,15.693945282599493,-1.9876472154109637e-05,0.0027066810648017285
0.0002,-0.0033,15.69166123206567,-6.348686758390819e-05,0.00519507209795754
0.0003,-0.0033,15.688816618765864,-0.00014097031633573904,0.007481630219973797
0.0004,-0.0033,15.686402227731417,-0.000242436935393306,0.009590384380224082
0.0005,-0.0033,15.683979388212475,-0.00036143990635352757,0.011528858502118341
0.0006,-0.0033,15.681943737607217,-0.0004937090400243208,0.013320080848842482
0.0007,-0.0033,15.680182315153019,-0.0006329266982824538,0.014964678387404335
0.0008,-0.0033,15.678349809362611,-0.0007854036516176739,0.016455242975727723
0.0009,-0.0033,15.676481962476112,-0.0009497886416212366,0.01778480259051516
0.001,-0.0033,15.674664203899823,-0.0011270682469150149,0.018954844322761455
0.0011,-0.0033,15.672772985262796,-0.0013123320308608365,0.019977544988465382
0.0012,-0.0033,15.67076097136033,-0.001501386766664433,0.02087026735064299
0.0013,-0.0033,15.66858119901691,-0.0016861033074409412,0.021651043935639575
0.0014,-0.0033,15.666067521941999,-0.0018649021125431808,0.022332476372922423
0.0015,-0.0033,15.663369663677402,-0.002031332936123548,0.02291865858569008
0.0016,-0.0033,15.660131224564779,-0.0021793799138325543,0.023412317173426154
0.0017,-0.0033,15.656081130474645,-0.0023237178454037295,0.023805246312414145
0.0018,-0.0033,15.652028013387353,-0.002464786495665303,0.024094325532511722
0.0019,-0.0033,15.647762463861714,-0.0026083437990382856,0.024276604752827658
0.002,-0.0033,15.642395174964241,-0.0027578156373979958,0.02435941137613426
0.0021,-0.0033,15.635672570265971,-0.002906147275468812,0.024365533733411066
0.0022,-0.0033,15.628606463955585,-0.003047549592088161,0.024275065340367684
0.0023,-0.0033,15.619935546440503,-0.0032157996063782637,0.024085151668111926
0.0024,-0.0033,15.612576565186476,-0.003409608113623419,0.02385280850004413
0.0025,-0.0033,15.608460390064005,-0.0035844317946283916,0.023591337330440408
0.0026,-0.0033,15.602982244819668,-0.003754220619263369,0.023292261315660413
0.0027,-0.0033,15.595647664836937,-0.003926457983320697,0.02297702111461349
0.0028,-0.0033,15.587726031357663,-0.004094655281109129,0.022658635507032027
0.0029,-0.0033,15.57955371426137,-0.004254664649266573,0.022344078904829884
0.003,-0.0033,15.57098613234481,-0.004403085189737452,0.02203812800914592
0.0031,-0.0033,15.561950438177096,-0.004538754546105309,0.021742933110821813
0.0032,-0.0033,15.552387363640957,-0.00466129938375826,0.02145838846947955
0.0033,-0.0033,15.542250697326919,-0.0047713991392504375,0.02118262763076839
0.0034,-0.0033,15.531497348404178,-0.004870563361180132,0.02091264875865782
0.0035,-0.0033,15.520087798977944,-0.004960974273408093,0.020644896711898706
0.0036,-0.0033,15.507983728741664,-0.00504518818723097,0.02037576910817598
0.0037,-0.0033,15.495145612560178,-0.005125850263111265,0.020101971762048077
0.0038,-0.0033,15.481529968471804,-0.005205407566368017,0.019820694431466914
0.0039,-0.0033,15.467090082757345,-0.0052858779787498195,0.019529616812706818
0.004,-0.0033,15.451776100720716,-0.005368682485693399,0.01922677074847072
0.0041,-0.0033,15.435538688233219,-0.005454567372777685,0.018910305545398895
0.0042,-0.0033,15.418333108620097,-0.005543604800180097,0.018578202798258836
0.0043,-0.0033,15.400125094374701,-0.005635336479923446,0.018228044822950217
0.0044,-0.0033,15.380896608944132,-0.0057288009500412315,0.017856642497719632
0.0045,-0.0033,15.360651874727663,-0.005822648161433693,0.017459798077478408
0.0046,-0.0033,15.33942581319563,-0.005915857954422265,0.017032743275654526
0.0047,-0.0033,15.317284763790834,-0.006007791286913108,0.01656995433237661
0.0048,-0.0033,15.294328739423829,-0.006097667242096279,0.016064573971739722
0.0049,-0.0033,15.270692807294632,-0.006184978816907943,0.015508792092536264
0.005,-0.0033,15.246549420779274,-0.006270192288607095,0.014894615566618256
0.0051,-0.0033,15.22210675458859,-0.006354857478720648,0.014214045587097037
0.0052,-0.0033,15.197606202924897,-0.006441144838457007,0.013458896613896692
0.0053,-0.0033,15.173317773619734,-0.006532524195335371,0.012621668118222516
0.0054,-0.0033,15.149531207411867,-0.006633117515387337,0.011695622996410592
0.0055,-0.0033,15.126544655611443,-0.006746754225104144,0.010674307089273655
0.0056,-0.0033,15.10464977052334,-0.00687795017650096,0.009552912160726098
0.0057,-0.0033,15.084198913599547,-0.007031476970755493,0.00832731011579316
0.0058,-0.0033,15.065454893239217,-0.007214128049913329,0.0069953772166472476
0.0059,-0.0033,15.048742784800572,-0.007427364965197562,0.005551348278513741
0.006,-0.0033,15.033738130679287,-0.00769213840720619,0.003989566939411983
0.0061,-0.0033,15.02094604896189,-0.007977652313703225,0.002317248108895998
0.0062,-0.0033,15.01193051325741,-0.00829934395633097,0.0005462602421289898
0.0063,-0.0033,15.006093858243043,-0.008689724684768021,-0.0013202439692707466
0.0064,-0.0033,15.002878741979849,-0.009116662926755252,-0.0032843159288738436
0.0065,-0.0033,15.002768940934107,-0.00958585029395673,-0.005339274052007738
0.0066,-0.0033,15.005919412476677,-0.0100968641401684,-0.007472704165437474
0.0067,-0.0033,15.012548642150783,-0.010646342234586895,-0.009672951210645167
0.0068,-0.0033,15.022761426748747,-0.011228330470862911,-0.011927555569483512
0.0069,-0.0033,15.036668232133513,-0.011835937845731061,-0.014223628350559164
0.007,-0.0033,15.054378043972651,-0.012461159600161477,-0.01654851011190737
0.0071,-0.0033,15.07600975085269,-0.013095082390629623,-0.01889077273540185
0.0072,-0.0033,15.101687250914678,-0.013728175810996852,-0.021240986958582654
0.0073,-0.0033,15.131531582577459,-0.014350650655916883,-0.023592276619425746
0.0074,-0.0033,15.165640983479815,-0.014952627326647979,-0.025940320259426455
0.0075,-0.0033,15.204073123153877,-0.015524084785259174,-0.02828244028371682
0.0076,-0.0033,15.246811897846326,-0.016054532306547124,-0.03061568599252308
0.0077,-0.0033,15.293731826353351,-0.016532468564586334,-0.032933162908823026
0.0078,-0.0033,15.344567268718432,-0.01694457995711575,-0.035219441108234946
0.0079,-0.0033,15.398878571291679,-0.01727501016502885,-0.037445640306216124
0.008,-0.0033,15.456036334498094,-0.017504661642828174,-0.03956482827156687
0.0081,-0.0033,15.515203180601677,-0.017611452375752568,-0.04151079591556676
0.0082,-0.0033,15.57544426015669,-0.017570448637232526,-0.04320114973105839
0.0083,-0.0033,15.635433216838168,-0.017357667677600122,-0.04454639384269608
0.0084,-0.0033,15.694095523916966,-0.01694869009694394,-0.045465526212706255
0.0085,-0.0033,15.750368265856512,-0.01633227366166114,-0.04590914452361668
0.0086,-0.0033,15.802671333499218,-0.01551452222387149,-0.04588175006832135
0.0087,-0.0033,15.843716773560844,-0.014562239995241255,-0.045354890385003135
0.0088,-0.0033,15.891830698663089,-0.013349360029669698,-0.04448770764128654
0.0089,-0.0033,15.934883290276392,-0.012036187995056638,-0.04350368989041026
0.009,-0.0033,15.949862282070628,-0.010750027278519413,-0.04220383655016376
0.0091,-0.0033,15.969111309402058,-0.009364676238727351,-0.040553774161836795
0.0092,-0.0033,15.99236694563996,-0.007885392518869473,-0.039738849779587006
0.0093,-0.0033,15.985739352228487,-0.006613144550269598,-0.037787453039273305
0.0094,-0.0033,15.963221427725243,-0.005267934703980854,-0.03403074279182685
0.0095,-0.0033,15.973614646905279,-0.004234755405796446,-0.03065067670720208
0.0096,-0.0033,15.978698964549967,-0.0030205926682558837,-0.026050968023641607
0.0097,-0.0033,15.96435496702667,-0.0016538480039788158,-0.01980615422351603
0.0098,-0.0033,15.949963600197334,-0.0008655059397362861,-0.013210463166653594
0.0099,-0.0033,15.931335708171764,-0.00024657811877200163,-0.006614412412010558
0.01,-0.0033,0.0,0.0,0.0
0.0,-0.0032,0.0,0.0,0.0
0.0001,-0.0032,15.679874159323514,-2.3628625202975543e-05,0.002731504891444339
0.0002,-0.0032,15.67697521942014,-5.434538130537811e-05,0.005253845805999284
0.0003,-0.0032,15.673993084008552,-0.00014417851553839142,0.007570658256188549
0.0004,-0.0032,15.671728801274064,-0.00024650873600297487,0.009702079371980896
0.0005,-0.0032,15.669392854109057,-0.00036396145946452415,0.011658005472676418
0.0006,-0.0032,15.667469193428945,-0.0004998737675336138,0.0134588024827793
0.0007,-0.0032,15.665771421465825,-0.0006504754253453536,0.015112196677330226
0.0008,-0.0032,15.664122798371052,-0.000802064179765135,0.01661206723425563
0.0009,-0.0032,15.662440201886787,-0.0009620159938382123,0.017952664444606303
0.001,-0.0032,15.660877840166176,-0.0011324382039011515,0.01913307549258065
0.0011,-0.0032,15.65935439849789,-0.0013086541343105874,0.020161262563711566
0.0012,-0.0032,15.65773576748732,-0.0014868998908615053,0.02105298810900894
0.0013,-0.0032,15.655989315112837,-0.0016610619614103191,0.021827109548027752
0.0014,-0.0032,15.653977023789237,-0.0018268230065528312,0.02249947011500239
0.0015,-0.0032,15.651759807063936,-0.0019792788017764106,0.02306915216646116
0.0016,-0.0032,15.64885254557869,-0.0021136758491217,0.023547268659034552
0.0017,-0.0032,15.645454309790475,-0.002238109832687559,0.023934304759084535
0.0018,-0.0032,15.642109376757842,-0.0023550195821544126,0.024219277379017187
0.0019,-0.0032,15.63836316174847,-0.0024673532900215405,0.02440875824755983
0.002,-0.0032,15.633006965137332,-0.0025811411763716433,0.024493936218417757
0.0021,-0.0032,15.625755755272552,-0.0026937025291958283,0.02448274402458549
0.0022,-0.0032,15.61887354170634,-0.0028084438003596252,0.02438954888503315
0.0023,-0.0032,15.614613246055672,-0.0029471949958087,0.024214568438509308
0.0024,-0.0032,15.609124652911005,-0.0030900007687514573,0.023989138136064292
0.0025,-0.0032,15.601661649309868,-0.003221579817233292,0.023735423831451864
0.0026,-0.0032,15.594963268055517,-0.0033589005328832646,0.023445985831890028
0.0027,-0.0032,15.587698317380736,-0.0034934097961321587,0.023130039692073934
0.0028,-0.0032,15.57981195865009,-0.003623016819401252,0.022804677797351167
0.0029,-0.0032,15.571561833233075,-0.003745289691727251,0.022480065163294996
0.003,-0.0032,15.562876870992461,-0.003856657846296745,0.022161947827720758
0.0031,-0.0032,15.553690242683901,-0.003955403247205981,0.0218535126835268
0.0032,-0.0032,15.543943422910374,-0.004040655949820342,0.021555627682181028
0.0033,-0.0032,15.533586370162073,-0.004112525464258674,0.021267363810411565
0.0034,-0.0032,15.522571538826352,-0.004171926861291067,0.020986492434536895
0.0035,-0.0032,15.510855823724215,-0.004220458085148488,0.020710004433065782
0.0036,-0.0032,15.498398358762202,-0.0042601485703437575,0.02043457172004855
0.0037,-0.0032,15.48515949551286,-0.004293211480475926,0.020156893291723318
0.0038,-0.0032,15.471099347366598,-0.004321792848733587,0.01987390289987478
0.0039,-0.0032,15.456177530964098,-0.004347760883948951,0.019582826314367682
0.004,-0.0032,15.44035429851681,-0.004372548680131044,0.019281117236311235
0.0041,-0.0032,15.423593138388078,-0.004397065879813272,0.018966312448816077
0.0042,-0.0032,15.405864476091125,-0.004421736047730061,0.018635854128385372
0.0043,-0.0032,15.38714993381546,-0.0044464847349902446,0.018286794617701517
0.0044,-0.0032,15.367448052186745,-0.004470757363199034,0.017915532459200294
0.0045,-0.0032,15.346780359867562,-0.004494090787933829,0.017518068701125898
0.0046,-0.0032,15.32519471747869,-0.0045161728031627175,0.017089811903944804
0.0047,-0.0032,15.302767090945428,-0.0045364909138709926,0.016625062051626508
0.0048,-0.0032,15.279605491260375,-0.004554661003711598,0.016117288487083457
0.0049,-0.0032,15.255853916686831,-0.004571042907118878,0.015559565268386729
0.005,-0.0032,15.231689764788491,-0.004586864617035487,0.01494478025552786
0.0051,-0.0032,15.20732154304364,-0.00460392217891457,0.014265570053505212
0.0052,-0.0032,15.18298803492981,-0.004624976307460853,0.01351484118361954
0.0053,-0.0032,15.158951130301785,-0.004653667455631121,0.012685887286892997
0.0054,-0.0032,15.135485484316012,-0.00469360813141575,0.011772000734122493
0.0055,-0.0032,15.11288440256099,-0.004749108250091825,0.010767395432638428
0.0056,-0.0032,15.091427366923057,-0.004825658238256679,0.009667772562545616
0.0057,-0.0032,15.071469650542719,-0.004927304709483889,0.008469329558896194
0.0058,-0.0032,15.05314083884053,-0.005060573666876601,0.0071685471625009736
0.0059,-0.0032,15.036768636412724,-0.0052263744828527645,0.005762708666066646
0.006,-0.0032,15.022231087619804,-0.005451819399149999,0.004249973421614398
0.0061,-0.0032,15.00996127684,-0.005699777187278012,0.0026276137016387436
0.0062,-0.0032,15.00138873013227,-0.005987536782894497,0.0009010340406024981
0.0063,-0.0032,14.995976663193622,-0.006353624898584697,-0.0009246325592650853
0.0064,-0.0032,14.99320877336576,-0.006759263746612596,-0.002845563134044553
0.0065,-0.0032,14.993466329687385,-0.0072138181115392955,-0.004853632736232748
0.0066,-0.0032,14.996875188613394,-0.00771797166972315,-0.0069424686260695125
0.0067,-0.0032,15.003690934216689,-0.008269114848411382,-0.009102527333791972
0.0068,-0.0032,15.014008519534967,-0.008862089970711242,-0.011322880897186518
0.0069,-0.0032,15.027926089077187,-0.00949091598937695,-0.013591826958849805
0.007,-0.0032,15.045547913272532,-0.010148137792826022,-0.01589785946875659
0.0071,-0.0032,15.066994102044504,-0.01082524850160594,-0.018230390011758007
0.0072,-0.0032,15.092391295780757,-0.011513038740377428,-0.02058045512682629
0.0073,-0.0032,15.121866269850093,-0.012201930733156015,-0.022941368397362934
0.0074,-0.0032,15.155533978354331,-0.012882172238324375,-0.025308879894361036
0.0075,-0.0032,15.193479667411678,-0.013543794338405194,-0.027680629962016142
0.0076,-0.0032,15.235724996802599,-0.014176328598835152,-0.03005434008338532
0.0077,-0.0032,15.282197706572891,-0.014768230258090884,-0.032424550530435386
0.0078,-0.0032,15.332695029988653,-0.015305994052660537,-0.03477813707920862
0.0079,-0.0032,15.386850268540718,-0.015773370269989838,-0.03708921177351117
0.008,-0.0032,15.444115536321888,-0.016150693045728227,-0.039314376680350024
0.0081,-0.0032,15.503743670692742,-0.016414832155366217,-0.041390593836060606
0.0082,-0.0032,15.564833246871576,-0.01653976106845168,-0.04323753362843061
0.0083,-0.0032,15.626253438465328,-0.01649866234766193,-0.04476534773193899
0.0084,-0.0032,15.686724679116223,-0.01626276646316002,-0.045887644782987305
0.0085,-0.0032,15.745417747518246,-0.015820432533576973,-0.046541691765470974
0.0086,-0.0032,15.803193792228543,-0.01513696976193717,-0.046712352097573455
0.0087,-0.0032,15.846012878134232,-0.014306998199993624,-0.046415955701655603
0.0088,-0.0032,15.884136759352991,-0.013257768582480583,-0.04564938274333538
0.0089,-0.0032,15.940452480193358,-0.012071717973223066,-0.04477468578266585
0.009,-0.0032,15.973943734426758,-0.010711056081605505,-0.043683204330372205
0.0091,-0.0032,15.975286623565708,-0.009512874997202414,-0.04188830392239798
0.0092,-0.0032,16.01568284252431,-0.007993049918403262,-0.04093979371178153
0.0093,-0.0032,16.018537802263456,-0.006887203122499299,-0.03935377045383908
0.0094,-0.0032,15.976048235776624,-0.005578387104544325,-0.03577437508070057
0.0095,-0.0032,15.999680722444738,-0.004114480252716881,-0.03220642588469855
0.0096,-0.0032,16.00948267726463,-0.002891533614250108,-0.027396927991197306
0.0097,-0.0032,15.989054232770117,-0.0015624290440361078,-0.020834627382753497
0.0098,-0.0032,15.97325021581041,-0.0008497006129600495,-0.0139078506265659
0.0099,-0.0032,15.953724328406958,-0.00023604062234622154,-0.006983012927121897
0.01,-0.0032,0.0,0.0,0.0
0.0,-0.0031,0.0,0.0,0.0
0.0001,-0.0031,15.665113646632921,-2.3694604761269045e-05,0.0027586700929600185
0.0002,-0.0031,15.662112294361327,-5.679301551969341e-05,0.005314089388877026
0.0003,-0.0031,15.659113828273698,-0.00014478498947797657,0.007661459209974408
0.0004,-0.0031,15.656779964943231,-0.00025249509702728523,0.009816659450314529
0.0005,-0.0031,15.654461907914387,-0.0003740369823018524,0.011792162894906708
0.0006,-0.0031,15.652663098124517,-0.0005135313294893935,0.013605048642058838
0.0007,-0.0031,15.651087457249757,-0.0006737888974870529,0.015265148020072757
0.0008,-0.0031,15.649642942816449,-0.0008304499344469775,0.016770365708501468
0.0009,-0.0031,15.648197261021002,-0.0009885834064422986,0.01811586904664111
0.001,-0.0031,15.646879486436317,-0.0011542749703395468,0.01930248492265985
0.0011,-0.0031,15.645840361937706,-0.001322762523730426,0.020335045147662694
0.0012,-0.0031,15.644770060064195,-0.0014894397397421314,0.02122517229808965
0.0013,-0.0031,15.64344265837541,-0.0016515541733402718,0.021991574264888635
0.0014,-0.0031,15.641899209048258,-0.0018045029265382725,0.022652584327273587
0.0015,-0.0031,15.640226623172376,-0.001943340148609004,0.023204525435015957
0.0016,-0.0031,15.637863437113321,-0.0020639371917933356,0.023663792083098406
0.0017,-0.0031,15.635333297475233,-0.0021680497437390955,0.024039274015564167
0.0018,-0.0031,15.632721889510753,-0.002260473481088021,0.024319366102892426
0.0019,-0.0031,15.62901043809986,-0.002339600296127519,0.02450994298202565
0.002,-0.0031,15.623453007907017,-0.0024177367756904244,0.024589682670005487
0.0021,-0.0031,15.617937589776064,-0.00250096616848212,0.024566729833508157
0.0022,-0.0031,15.613656220998173,-0.002587608813254399,0.024475409643017105
0.0023,-0.0031,15.608746749837147,-0.002676270901969815,0.024327914620676808
0.0024,-0.0031,15.602320364020647,-0.0027672106727216184,0.024117189174536962
0.0025,-0.0031,15.594913159985909,-0.0028641002968863155,0.023853227940745153
0.0026,-0.0031,15.587777507522668,-0.002961260081008838,0.02356013897441789
0.0027,-0.0031,15.58062913142408,-0.003054980028038939,0.023242469275917704
0.0028,-0.0031,15.57284976933085,-0.0031434979478975706,0.022911088691066332
0.0029,-0.0031,15.564558818327564,-0.0032249246611838374,0.02257727407951593
0.003,-0.0031,15.555781432062718,-0.0032963984245812793,0.022247532397671223
0.0031,-0.0031,15.546466352185455,-0.0033556853315305528,0.021925937180859615
0.0032,-0.0031,15.536559180941055,-0.003401505590783014,0.021614281313328987
0.0033,-0.0031,15.526008390571207,-0.003433449636769479,0.021312525014652802
0.0034,-0.0031,15.514765202215507,-0.0034518963421039505,0.021019192048145872
0.0035,-0.0031,15.502785003121618,-0.003457893051304669,0.02073184490308163
0.0036,-0.0031,15.49002596466137,-0.0034529661445939783,0.020447501654841254
0.0037,-0.0031,15.476449457519085,-0.0034389078061786635,0.020162967982981575
0.0038,-0.0031,15.46201893220442,-0.0034175682447377966,0.019875059117326923
0.0039,-0.0031,15.446700457875561,-0.0033906563409362997,0.019580705057303152
0.004,-0.0031,15.430463702745508,-0.003359586933124143,0.01927693323851112
0.0041,-0.0031,15.413283277838264,-0.0033254384471058636,0.01896083712521047
0.0042,-0.0031,15.39514281068055,-0.003288897216786774,0.018629396343988365
0.0043,-0.0031,15.37603908591945,-0.0032501774814783662,0.018279205452381132
0.0044,-0.0031,15.355986097112906,-0.0032094120605023826,0.017906630429385964
0.0045,-0.0031,15.33501818179379,-0.0031667698952807795,0.01750769090888303
0.0046,-0.0031,15.313193846405781,-0.0031221340289567553,0.01707756191723666
0.0047,-0.0031,15.290598813984715,-0.003075468291575706,0.016610746531462946
0.0048,-0.0031,15.26735096369325,-0.0030270498742282583,0.016101257646842164
0.0049,-0.0031,15.24360199553302,-0.0029779166899627043,0.01554284643922827
0.005,-0.0031,15.219531307737125,-0.0029296534404118107,0.014929031631537755
0.0051,-0.0031,15.195346044620619,-0.0028844975549138074,0.014253305672191657
0.0052,-0.0031,15.171279879734007,-0.002845529205623238,0.013509351705036077
0.0053,-0.0031,15.147585827677316,-0.0028159919284734027,0.012690620881714531
0.0054,-0.0031,15.12453271827611,-0.002799716524532185,0.011791098657502604
0.0055,-0.0031,15.102405418014145,-0.0028018614117454755,0.010806077910762265
0.0056,-0.0031,15.0814731286635,-0.00282749873288466,0.009731079903732214
0.0057,-0.0031,15.062055522499518,-0.0028807656183728815,0.008562027306005018
0.0058,-0.0031,15.044358110323152,-0.002968013492338095,0.007295572038840945
0.0059,-0.0031,15.028711466806032,-0.0030930172121117665,0.005930783839442829
0.006,-0.0031,15.014943859084338,-0.003268084425198276,0.0044636146758156615
0.0061,-0.0031,15.003431402839857,-0.0034817615757437898,0.002891400843851641
0.0062,-0.0031,14.995359517800331,-0.0037415217972378238,0.0012165828906198135
0.0063,-0.0031,14.990206928211832,-0.004067790276234218,-0.0005579915190692662
0.0064,-0.0031,14.987627108213644,-0.0044500328446151465,-0.002425700908591995
0.0065,-0.0031,14.988140710320812,-0.004887858784992616,-0.004380652039586545
0.0066,-0.0031,14.991886036981727,-0.005380415440866367,-0.006417859647394991
0.0067,-0.0031,14.99899495795046,-0.0059265229940445845,-0.00852968178902858
0.0068,-0.0031,15.009533450652745,-0.00652260132900659,-0.010706599654552814
0.0069,-0.0031,15.02359189175974,-0.007163476638540139,-0.01293847160674515
0.007,-0.0031,15.041273549528855,-0.007842358003135238,-0.015215149977429947
0.0071,-0.0031,15.062694664222782,-0.008551356449207223,-0.01752699471369806
0.0072,-0.0031,15.087978504610472,-0.009281776182078455,-0.019865616130270797
0.0073,-0.0031,15.11725452793612,-0.010024452453230682,-0.022224583921609652
0.0074,-0.0031,15.150646772356469,-0.010769962174774784,-0.024599808060156592
0.0075,-0.0031,15.188254394439744,-0.01150868034770236,-0.026989196125966515
0.0076,-0.0031,15.23012773608237,-0.012230528127450551,-0.02939117317245018
0.0077,-0.0031,15.276236805639817,-0.012924343492235844,-0.03180180581904117
0.0078,-0.0031,15.326433703455299,-0.013576928435657935,-0.03421042314125179
0.0079,-0.0031,15.38041738049404,-0.01417205197640277,-0.036594459701208296
0.008,-0.0031,15.437710104347437,-0.01468969266654192,-0.03891433402248264
0.0081,-0.0031,15.497648512189492,-0.01510582828178299,-0.041110645772941774
0.0082,-0.0031,15.559389914719935,-0.015393019926480223,-0.04310575998929897
0.0083,-0.0031,15.621912011134219,-0.015522661202675281,-0.044810631245294066
0.0084,-0.0031,15.684029284744556,-0.015463233162875206,-0.04613561862007792
0.0085,-0.0031,15.744241132242905,-0.01519471421479623,-0.04701017839615466
0.0086,-0.0031,15.803396851791787,-0.014684957036233789,-0.04739716501254141
0.0087,-0.0031,15.855010238981178,-0.013968095874932994,-0.04733911852627967
0.0088,-0.0031,15.891171871001525,-0.013116956120556274,-0.04676358354241061
0.0089,-0.0031,15.949820129429908,-0.012044119975555557,-0.04592852263647418
0.009,-0.0031,16.006480748019104,-0.010633463459051126,-0.04498054686999697
0.0091,-0.0031,15.98990259500638,-0.009573709509766434,-0.04328616140005732
0.0092,-0.0031,16.028290800806058,-0.007987992135442287,-0.04188828031278007
0.0093,-0.0031,16.05367292896333,-0.007110634193390535,-0.040481787820631325
0.0094,-0.0031,16.018617122713437,-0.006005289538318983,-0.03758695700407501
0.0095,-0.0031,16.04505624314785,-0.004083268603570353,-0.033905007766323006
0.0096,-0.0031,16.045906805588487,-0.002747432491417992,-0.028654209592598165
0.0097,-0.0031,16.021734685399185,-0.001559635976444406,-0.021762527069660385
0.0098,-0.0031,16.001068195491477,-0.0008595374230850209,-0.014589902207270411
0.0099,-0.0031,15.980187694341584,-0.0002430107685210796,-0.007356357684438703
0.01,-0.0031,0.0,0.0,0.0
0.0,-0.003,0.0,0.0,0.0
0.0001,-0.003,15.649973605287812,-2.547185629371992e-05,0.002790773091307504
0.0002,-0.003,15.647048511340016,-5.928547339775986e-05,0.00537646319671576
0.0003,-0.003,15.644127852979539,-0.00014626809119272087,0.007755882730537748
0.0004,-0.003,15.641432325692591,-0.00025831526978977815,0.009937664558744683
0.0005,-0.003,15.639163192416836,-0.000392239757614467,0.011932863259968734
0.0006,-0.003,15.63740565570436,-0.000540151698674487,0.013758479601905703
0.0007,-0.003,15.635973069892902,-0.0007054620275553115,0.015423407127675842
0.0008,-0.003,15.634702778286925,-0.0008708088941018388,0.016930965100687444
0.0009,-0.003,15.633670539452854,-0.0010332998127904269,0.018278502982078147
0.001,-0.003,15.632830087541299,-0.0011963838196722533,0.019466642064935046
0.0011,-0.003,15.63226274973221,-0.0013578856289627019,0.020499052377216553
0.0012,-0.003,15.631802964900873,-0.0015134546408725868,0.021385831106055273
0.0013,-0.003,15.630986949598901,-0.001662542659597175,0.0221440602038702
0.0014,-0.003,15.629990182341459,-0.0018013765665950475,0.02279148575205986
0.0015,-0.003,15.62897368353066,-0.0019259401898903878,0.023325751446539554
0.0016,-0.003,15.627294885583806,-0.002031209126821771,0.023765349191870996
0.0017,-0.003,15.625590749797214,-0.0021142411014380986,0.024125159269609814
0.0018,-0.003,15.623392308439724,-0.0021807657321683323,0.024394547460694388
0.0019,-0.003,15.619516360747662,-0.0022306718897055463,0.024572228414291786
0.002,-0.003,15.615331976752971,-0.002275884895221805,0.024645537265167418
0.0021,-0.003,15.612053941727725,-0.0023288095536113263,0.02463075634018975
0.0022,-0.003,15.609262616788119,-0.0023760163852852827,0.024556606004130135
0.0023,-0.003,15.603964749375017,-0.002411055339376318,0.02441383286799088
0.0024,-0.003,15.596459067008764,-0.002455280502294729,0.024197484679589962
0.0025,-0.003,15.589160036421864,-0.0025099201272876593,0.02393061531691946
0.0026,-0.003,15.5819217790125,-0.002563007132173985,0.023632663467394475
0.0027,-0.003,15.574666529430962,-0.0026133180761059305,0.02331173085986934
0.0028,-0.003,15.566948694718512,-0.002658347066158429,0.02297510494261837
0.0029,-0.003,15.558637124833956,-0.0026962781317062725,0.022632813393383144
0.003,-0.003,15.549788155173255,-0.0027250780740242938,0.022292183821426753
0.0031,-0.003,15.540366947273819,-0.0027423795267203597,0.02195783542315944
0.0032,-0.003,15.53032213566264,-0.0027466012970572065,0.021632408278283045
0.0033,-0.003,15.519603001118487,-0.0027369223844242443,0.021316661033399437
0.0034,-0.003,15.50816176822412,-0.00271325576540683,0.02100983911112586
0.0035,-0.003,15.495953787034425,-0.0026761488780751713,0.02071009255278176
0.0036,-0.003,15.482938315898128,-0.0026266555871841354,0.02041483853286964
0.0037,-0.003,15.469078516361375,-0.0025661710082777135,0.020121085484234014
0.0038,-0.003,15.454342124975325,-0.002496249187070697,0.019825670811827147
0.0039,-0.003,15.43870139595251,-0.0024183839582199505,0.019525320207336067
0.004,-0.003,15.422133629695074,-0.0023340026410871343,0.019216834336859657
0.0041,-0.003,15.404623883457814,-0.0022442998389126815,0.01889701087931005
0.0042,-0.003,15.386168124615345,-0.0021500773394920038,0.01856238899344565
0.0043,-0.003,15.366776780928161,-0.0020519945778833685,0.018209406934894076
0.0044,-0.003,15.346475601405011,-0.0019507555832213631,0.017834390558637888
0.0045,-0.003,15.325309497129897,-0.0018467231244843367,0.017433125531243425
0.0046,-0.003,15.303348580459335,-0.0017402013292974877,0.017000811133630812
0.0047,-0.003,15.280688713159796,-0.00163169480477389,0.016532209689247842
0.0048,-0.003,15.257455736772185,-0.0015220902208525245,0.016021831756491037
0.0049,-0.003,15.233805172119002,-0.0014128290824462048,0.015463974250902018
0.005,-0.003,15.209917780857564,-0.0013058276607893467,0.014852756405577382
0.0051,-0.003,15.18599741078391,-0.0012037562942910814,0.014182415714000446
0.0052,-0.003,15.16227201890055,-0.0011094368949750133,0.013446902859352327
0.0053,-0.003,15.138991574299746,-0.0010262198427557659,0.012640299238847894
0.0054,-0.003,15.116418639487788,-0.0009585814749022079,0.01175767441236164
0.0055,-0.003,15.09482408016411,-0.0009113798462256782,0.010794448905203436
0.0056,-0.003,15.074470419827078,-0.0008892707231476006,0.009746046495457988
0.0057,-0.003,15.055648747401943,-0.0008970674016259604,0.008608800254954802
0.0058,-0.003,15.03860094019773,-0.0009407854563267589,0.00737964884755772
0.0059,-0.003,15.023584185746481,-0.0010243724074596177,0.006055346542598079
0.006,-0.003,15.01056653948195,-0.0011518993060715996,0.004628774939266548
0.0061,-0.003,14.99989678606939,-0.0013293080918455645,0.00310151112612823
0.0062,-0.003,14.992352555648676,-0.0015618334382094755,0.001484290519088752
0.0063,-0.003,14.987586257338561,-0.0018526385613497126,-0.0002245924133155513
0.0064,-0.003,14.985403626213106,-0.0022052034610223915,-0.002028854596498009
0.0065,-0.003,14.986329582685977,-0.0026203976795378787,-0.003924563722022879
0.0066,-0.003,14.990525577747606,-0.0030959058790941316,-0.005904748530694663
0.0067,-0.003,14.99801906064088,-0.0036309990640571535,-0.00796128290825439
0.0068,-0.003,15.008879598025848,-0.00422311248750617,-0.010086771684088497
0.0069,-0.003,15.023203681241428,-0.004867739593441505,-0.012272881695285294
0.007,-0.003,15.04109158661373,-0.005558887243362197,-0.014510813931468077
0.0071,-0.003,15.062652061661446,-0.0062893898629596745,-0.01679192721997456
0.0072,-0.003,15.088004654571423,-0.007051198754394396,-0.01910849499217223
0.0073,-0.003,15.117276321568648,-0.007835699728639092,-0.02145449176483718
0.0074,-0.003,15.150590764057872,-0.008633991092143948,-0.023826003177919514
0.0075,-0.003,15.188055085591277,-0.00943699236939238,-0.026221127663025947
0.0076,-0.003,15.229736305629944,-0.010235245153218756,-0.028638927045006597
0.0077,-0.003,15.275632221923527,-0.011018313911052874,-0.03107692014060048
0.0078,-0.003,15.325637960531658,-0.011773784858994038,-0.03352705522468458
0.0079,-0.003,15.379511506425816,-0.012486000792073612,-0.03597041888896748
0.008,-0.003,15.436838308924568,-0.013135106760854566,-0.03837179348673652
0.0081,-0.003,15.497031512095564,-0.013696436770498045,-0.04067609617761422
0.0082,-0.003,15.559307690159322,-0.01414120199660918,-0.042808563598727006
0.0083,-0.003,15.622776905250424,-0.0144384753905592,-0.044681696356416736
0.0084,-0.003,15.686194058423737,-0.01455650929228565,-0.04620520955473565
0.0085,-0.003,15.748434814773539,-0.01446600237163042,-0.04730215397048508
0.0086,-0.003,15.808899125313989,-0.014148618785400809,-0.04791857728523246
0.0087,-0.003,15.870012395224933,-0.01356876743736252,-0.04806500147865897
0.0088,-0.003,15.914985799674879,-0.012849777618189867,-0.047732101761009275
0.0089,-0.003,15.96067160311032,-0.011862049986286784,-0.04698896997065895
0.009,-0.003,16.01284118896873,-0.010575374896770996,-0.046121014206255945
0.0091,-0.003,16.00350749436772,-0.00962667776678999,-0.04475990024428194
0.0092,-0.003,16.041245006164807,-0.008027675748777937,-0.042970615982250195
0.0093,-0.003,16.082376658912374,-0.007187015052913087,-0.041446302301867466
0.0094,-0.003,16.083752207767514,-0.0061640733833934125,-0.039120318284337756
0.0095,-0.003,16.108529856872686,-0.00416370661682815,-0.03540953954727815
0.0096,-0.003,16.08598038833365,-0.002779639994262167,-0.029819731581396728
0.0097,-0.003,16.058007874212937,-0.0016800330257109508,-0.022640129809318114
0.0098,-0.003,16.033538178667428,-0.0009449136033742515,-0.015286747170401576
0.0099,-0.003,16.011067856730723,-0.00027368405493341145,-0.0077590805636976665
0.01,-0.003,0.0,0.0,0.0
0.0,-0.0029,0.0,0.0,0.0
0.0001,-0.0029,15.6348239775685,-3.0247119431573e-05,0.002819995470937236
0.0002,-0.0029,15.631652354843034,-5.721403644749637e-05,0.0054390139492580545
0.0003,-0.0029,15.628718978725995,-0.00015156004665754796,0.007854799646889348
0.0004,-0.0029,15.625865627987936,-0.0002699279571128948,0.010066484312655749
0.0005,-0.0029,15.623555008487925,-0.00041717308315179075,0.012084785374304022
0.0006,-0.0029,15.621767470919082,-0.0005777829246395916,0.013924183197260987
0.0007,-0.0029,15.62045083261318,-0.0007514137260978718,0.015593408617547457
0.0008,-0.0029,15.61939141440447,-0.0009264910695618179,0.01709913334282287
0.0009,-0.0029,15.61899872421162,-0.0010964631161105428,0.018442378447141375
0.001,-0.0029,15.618659470862958,-0.0012587467336233704,0.019625184648285256
0.0011,-0.0029,15.618414893150044,-0.0014162028231200364,0.02065436139095038
0.0012,-0.0029,15.618593306705668,-0.001563915547593177,0.02153581475824184
0.0013,-0.0029,15.618444799462289,-0.001701116944606158,0.022283040515915526
0.0014,-0.0029,15.618220339987337,-0.0018241651392424186,0.022915354925935695
0.0015,-0.0029,15.61791971487911,-0.0019317643010959835,0.023432600684453166
0.0016,-0.0029,15.61700425134085,-0.002018464817895986,0.023850254131686097
0.0017,-0.0029,15.616053027558747,-0.0020799129361498566,0.02418827280476562
0.0018,-0.0029,15.61421831757797,-0.00212116166159362,0.024439603624430727
0.0019,-0.0029,15.611093143908228,-0.00214308874284005,0.02459883887476025
0.002,-0.0029,15.608921985657611,-0.0021552506043560236,0.02467318969474046
0.0021,-0.0029,15.605853305325718,-0.0021636041316915834,0.02466686862060445
0.0022,-0.0029,15.60027339924069,-0.002166761294178104,0.02458856853190653
0.0023,-0.0029,15.595132091858515,-0.002164720840598273,0.024443543406351336
0.0024,-0.0029,15.590292851277823,-0.002163914125028622,0.02422893270757852
0.0025,-0.0029,15.584035340703485,-0.002166170420344422,0.02396189489175763
0.0026,-0.0029,15.577059055927144,-0.0021704896677153763,0.023660362185424912
0.0027,-0.0029,15.56984498482146,-0.0021730854795212907,0.023335716460006765
0.0028,-0.0029,15.56217289205961,-0.002171044540327796,0.022994203879709636
0.0029,-0.0029,15.553880279553402,-0.002162725892919184,0.02264400153551253
0.003,-0.0029,15.544979500570642,-0.0021460345299276857,0.02229318314692356
0.0031,-0.0029,15.53547484096103,-0.002118764421268531,0.021946820627935473
0.0032,-0.0029,15.525314432579135,-0.0020791466720322263,0.021608036452471745
0.0033,-0.0029,15.514448724943344,-0.002026081711221763,0.021278306041365023
0.0034,-0.0029,15.502834313098337,-0.0019590879937228054,0.020957546556654102
0.0035,-0.0029,15.490429058395327,-0.0018782746214475014,0.02064447542829286
0.0036,-0.0029,15.47719456111653,-0.0017842696281183262,0.02033695747453488
0.0037,-0.0029,15.463097072562057,-0.001678093642898228,0.02003230206377273
0.0038,-0.0029,15.448108175914735,-0.0015609282062892488,0.01972737169167535
0.0039,-0.0029,15.432206031250729,-0.0014341659546614736,0.019418947094131115
0.004,-0.0029,15.415375726665035,-0.0012991977031838508,0.019103758579312086
0.0041,-0.0029,15.397612160167192,-0.0011571113679465263,0.01877823767061998
0.0042,-0.0029,15.378922210976938,-0.0010089677924988978,0.0184387836870584
0.0043,-0.0029,15.359326754728222,-0.000855818278669674,0.018081800539581486
0.0044,-0.0029,15.338861384127876,-0.000698586204185382,0.017703417760287873
0.0045,-0.0029,15.3175816919937,-0.0005378644896565258,0.01729927173912682
0.0046,-0.0029,15.295568846735849,-0.00037441074924150807,0.01686465278787866
0.0047,-0.0029,15.272927384328105,-0.0002092531720274966,0.016394660138057862
0.0048,-0.0029,15.249788352913978,-4.374447217828396e-05,0.015884245685545324
0.0049,-0.0029,15.226310369903807,0.00012044553168206453,0.015328119276024803
0.005,-0.0029,15.202674161861205,0.0002809755156082366,0.014721052544334296
0.0051,-0.0029,15.179078873453674,0.00043521566253858484,0.014057615541995925
0.0052,-0.0029,15.155751621144521,0.0005804212355203975,0.013332196099798613
0.0053,-0.0029,15.132939575713042,0.0007126531698235846,0.012539794404612366
0.0054,-0.0029,15.110891893823181,0.0008274967149297277,0.011675923039228727
0.0055,-0.0029,15.089869243338002,0.0009207046558445263,0.010735961454939422
0.0056,-0.0029,15.070129050529475,0.00098749709912148,0.009715727406378293
0.0057,-0.0029,15.051936752097317,0.0010226875397175896,0.008611934141730358
0.0058,-0.0029,15.035508949335682,0.0010213781275192919,0.007420735584453811
0.0059,-0.0029,15.021053356995958,0.0009797911680870463,0.006138116861670479
0.006,-0.0029,15.00874074407049,0.0008917431846539705,0.004762004846514539
0.0061,-0.0029,14.998939945534389,0.0007512431992500691,0.003293021266400006
0.0062,-0.0029,14.992030934302688,0.0005519537592996292,0.0017325239013231462
0.0063,-0.0029,14.98775456255287,0.00029044797721771744,8.200019423024803e-05
0.0064,-0.0029,14.986133865121891,-3.0919745600770706e-05,-0.0016593866912663117
0.0065,-0.0029,14.98764255032349,-0.00041673164287812144,-0.0034915843347378024
0.0066,-0.0029,14.99236969546591,-0.0008706074556391625,-0.005408504503145472
0.0067,-0.0029,15.000325110438952,-0.0013897116248955625,-0.007403446756681678
0.0068,-0.0029,15.011611669402983,-0.0019715061290439713,-0.009470672250924132
0.0069,-0.0029,15.026319824689356,-0.0026124809926714675,-0.011603411567917584
0.007,-0.0029,15.044552142089765,-0.003307476635624534,-0.013794208885146415
0.0071,-0.0029,15.066413577077006,-0.004050113296529365,-0.016035490801197483
0.0072,-0.0029,15.092019818539585,-0.004833060057441014,-0.018320288058469768
0.0073,-0.0029,15.121491199895068,-0.005648365327824836,-0.020642971505692675
0.0074,-0.0029,15.15494803755849,-0.006487788081584481,-0.022999793680826427
0.0075,-0.0029,15.192496756685195,-0.007342932168189504,-0.0253890595517819
0.0076,-0.0029,15.234209536740849,-0.008205134033624509,-0.02781032635637586
0.0077,-0.0029,15.280101136265133,-0.009064898537728225,-0.030262413830317633
0.0078,-0.0029,15.330093814437577,-0.009910932063226801,-0.03273980088804279
0.0079,-0.0029,15.383991510846348,-0.010728676052725405,-0.03522751700266195
0.008,-0.0029,15.441440061767734,-0.011499097051670201,-0.03769533953459534
0.0081,-0.0029,15.501925313140624,-0.01219726520624839,-0.04009323529306749
0.0082,-0.0029,15.564721059297826,-0.012793474132619099,-0.042350574225875466
0.0083,-0.0029,15.629004821853359,-0.013254527676104376,-0.04438166843543109
0.0084,-0.0029,15.693673790512332,-0.013546589327601631,-0.04609631180866465
0.0085,-0.0029,15.757777430170078,-0.01363532189387324,-0.04741227911559502
0.0086,-0.0029,15.819423188777515,-0.01349876161022787,-0.048268982753485956
0.0087,-0.0029,15.881502498738536,-0.01308667402190882,-0.04863675167329673
0.0088,-0.0029,15.930894424077012,-0.012466868639673133,-0.04855211109155833
0.0089,-0.0029,15.966591302467954,-0.011669016200998507,-0.047985870675975616
0.009,-0.0029,16.033199147307947,-0.010592906121521759,-0.04730676243408321
0.0091,-0.0029,16.05179231158591,-0.009566219834151696,-0.046332603625827716
0.0092,-0.0029,16.067054766197018,-0.008054008504878469,-0.044291913201125736
0.0093,-0.0029,16.103617457269614,-0.0070460377941824505,-0.04253816737989895
0.0094,-0.0029,16.140639551482007,-0.00584247392101903,-0.04021323313754451
0.0095,-0.0029,16.16124269343632,-0.004219147285653126,-0.03627497116812065
0.0096,-0.0029,16.117336632263914,-0.003089001212782623,-0.03082305407765145
0.0097,-0.0029,16.09143494685252,-0.0019513820959174161,-0.023642227043112855
0.0098,-0.0029,16.06936396267065,-0.0010870819668281717,-0.0160665462117427
0.0099,-0.0029,16.04715423945764,-0.00033356912705217984,-0.008218785030439258
0.01,-0.0029,0.0,0.0,0.0
0.0,-0.0028,0.0,0.0,0.0
0.0001,-0.0028,15.619175231123533,-2.9281518283348062e-05,0.0028478969461872934
0.0002,-0.0028,15.615972425926786,-6.606474385959492e-05,0.005506020811811287
0.0003,-0.0028,15.612906917783608,-0.0001636713476482308,0.007961309535890658
0.0004,-0.0028,15.610000201352136,-0.0002910615494480935,0.010205171581271967
0.0005,-0.0028,15.607634680027548,-0.00044952274177852776,0.012247595065127697
0.0006,-0.0028,15.605876417964554,-0.0006234999225537713,0.014100432881842928
0.0007,-0.0028,15.604718112838905,-0.000810559869239413,0.01577459913674095
0.0008,-0.0028,15.603975115580967,-0.0009958080210790852,0.017277134177105056
0.0009,-0.0028,15.603972215314386,-0.0011731814973508748,0.018613100050266056
0.001,-0.0028,15.604165990604061,-0.0013396350433588467,0.019786707965552874
0.0011,-0.0028,15.604388353919266,-0.0014959991450180724,0.02080641317029325
0.0012,-0.0028,15.605146137488164,-0.001639041144338388,0.021677434216367024
0.0013,-0.0028,15.605881522146118,-0.0017666472550403743,0.022408995720876672
0.0014,-0.0028,15.606513735274588,-0.0018730586418821593,0.023022334137363033
0.0015,-0.0028,15.606881961229728,-0.00196205125921716,0.023520551162522836
0.0016,-0.0028,15.606951193901129,-0.002028948053448985,0.023913570240731576
0.0017,-0.0028,15.606788387336538,-0.0020686322250918444,0.024226046338047633
0.0018,-0.0028,15.60540178484196,-0.002083618243576444,0.02445505410550182
0.0019,-0.0028,15.603817148698583,-0.002076955438398671,0.024597760031270323
0.002,-0.0028,15.602483650990617,-0.0020546922722997356,0.02466817037870782
0.0021,-0.0028,15.599305935838961,-0.00201873554351806,0.02465511909334426
0.0022,-0.0028,15.594909403032206,-0.001978525235496591,0.024560073115084388
0.0023,-0.0028,15.59052989911645,-0.0019331767877516434,0.024409476643617162
0.0024,-0.0028,15.585730140991325,-0.001884173424859615,0.024203078949567466
0.0025,-0.0028,15.580005374174025,-0.0018346341566822075,0.023940897591124156
0.0026,-0.0028,15.573334368584671,-0.0017865119854611382,0.023638537458730402
0.0027,-0.0028,15.566139934863768,-0.0017379896748676408,0.023310472506109636
0.0028,-0.0028,15.558523762038089,-0.0016859472358060938,0.022964701695030936
0.0029,-0.0028,15.55032856097951,-0.0016282701688261178,0.022608024667282657
0.003,-0.0028,15.541432897577748,-0.0015631255975612976,0.022247950923057515
0.0031,-0.0028,15.531860466539088,-0.0014885992197010503,0.02189037032636598
0.0032,-0.0028,15.521603015498393,-0.0014028376028740411,0.02153903876042804
0.0033,-0.0028,15.510610457193955,-0.0013045083810459819,0.021195873371633884
0.0034,-0.0028,15.498844367349454,-0.0011928418076902823,0.02086130400896448
0.0035,-0.0028,15.48626731475064,-0.0010675801113977663,0.02053464132292458
0.0036,-0.0028,15.472843331052408,-0.0009289688665201679,0.02021418735481248
0.0037,-0.0028,15.458542635505792,-0.0007775990182770449,0.019897518100840183
0.0038,-0.0028,15.443342714865658,-0.0006144780782931264,0.01958183081559285
0.0039,-0.0028,15.427227523448533,-0.0004408364850765837,0.019264022671053822
0.004,-0.0028,15.410189710536024,-0.0002577434204418393,0.01894060046883546
0.0041,-0.0028,15.392233054934398,-6.63626019022966e-05,0.01860795714856044
0.0042,-0.0028,15.373373000060415,0.00013200997572193195,0.01826255354938524
0.0043,-0.0028,15.353639190829279,0.0003361954981660364,0.017900666018647052
0.0044,-0.0028,15.333076506682882,0.0005451844357048521,0.01751819731536562
0.0045,-0.0028,15.31175031878163,0.0007580618792008451,0.017110812431784837
0.0046,-0.0028,15.289752276097724,0.0009736629689140427,0.01667400405530939
0.0047,-0.0028,15.26719278543355,0.001190508346901549,0.016203207295277185
0.0048,-0.0028,15.244207482722134,0.0014070595988235363,0.015693642774296402
0.0049,-0.0028,15.220957440265863,0.0016212882858733589,0.015140422554819889
0.005,-0.0028,15.197619586759858,0.001830720358348176,0.0145387342933046
0.0051,-0.0028,15.174394116543496,0.002032843241220807,0.013883440397197732
0.0052,-0.0028,15.15150915094828,0.0022246365879252782,0.01316957866400896
0.0053,-0.0028,15.129200229656304,0.002401848190531961,0.012392923384235751
0.0054,-0.0028,15.107703881868177,0.002560541371601142,0.01154903359832974
0.0055,-0.0028,15.087275831157685,0.0026966882101873927,0.010633519917786247
0.0056,-0.0028,15.068164206265747,0.0028051058834520125,0.009642762066478206
0.0057,-0.0028,15.050610097451127,0.0028812847030289628,0.00857311619457455
0.0058,-0.0028,15.034828205374504,0.0029204959952298225,0.007420610313643581
0.0059,-0.0028,15.021068313495832,0.002917322105510267,0.0061825114188271794
0.006,-0.0028,15.009549055697823,0.0028651552093176,0.00485727652693201
0.0061,-0.0028,15.000591480335443,0.002762382757614819,0.0034448895425666986
0.0062,-0.0028,14.994434915346135,0.0025988335962491634,0.0019450595615591905
0.0063,-0.0028,14.990743432590417,0.0023679697958056195,0.00035660991549835283
0.0064,-0.0028,14.989648327337404,0.0020783256441462812,-0.0013208851472666081
0.0065,-0.0028,14.991715122148827,0.0017228933383342951,-0.003085169788993935
0.0066,-0.0028,14.996998060652425,0.0012940202592988904,-0.004933181279544064
0.0067,-0.0028,15.005502167980048,0.0007952967571249539,-0.006861523099252281
0.0068,-0.0028,15.017319033999813,0.0002292567993922353,-0.008864740706960842
0.0069,-0.0028,15.032528657242514,-0.00040157368310261366,-0.010937508240319383
0.007,-0.0028,15.051241628934852,-0.0010929676922840055,-0.013073735969538662
0.0071,-0.0028,15.073559991716587,-0.0018393631591933192,-0.015266967033687916
0.0072,-0.0028,15.099597250840462,-0.0026342425052855297,-0.017511055958241584
0.0073,-0.0028,15.129470832279113,-0.003470413743746542,-0.01980081289430433
0.0074,-0.0028,15.163296740638732,-0.004340368069568236,-0.022132648199844836
0.0075,-0.0028,15.201174917684066,-0.005236486475219477,-0.02450492675016493
0.0076,-0.0028,15.243174973142164,-0.0061510127691572275,-0.02691758281418477
0.0077,-0.0028,15.289313625653326,-0.007075536646579385,-0.02937058601101811
0.0078,-0.0028,15.339528826430962,-0.008000086803627227,-0.03186074897973797
0.0079,-0.0028,15.393654963813164,-0.008911567913218975,-0.03437706671917905
0.008,-0.0028,15.451385041988296,-0.009792212324701574,-0.03689470226283765
0.0081,-0.0028,15.512274287199192,-0.010617750546398937,-0.03936990062622498
0.0082,-0.0028,15.575654216668195,-0.01135806091668391,-0.041737594985357146
0.0083,-0.0028,15.640751022693674,-0.01197827517018202,-0.04391484713517078
0.0084,-0.0028,15.706635379976548,-0.012440556423315565,-0.045811112060740206
0.0085,-0.0028,15.77213387457592,-0.012708348948396085,-0.047341658713012394
0.0086,-0.0028,15.835961773236754,-0.012750408156021182,-0.04844178837955867
0.0087,-0.0028,15.898996514869422,-0.012537292010485774,-0.04906866228422304
0.0088,-0.0028,15.958854521650387,-0.012024135343189064,-0.04924758109008509
0.0089,-0.0028,15.992220129386492,-0.011428475469896341,-0.04889239280591882
0.009,-0.0028,16.061745483444643,-0.010528047960363633,-0.048217475103058086
0.0091,-0.0028,16.12744695989932,-0.009441948411637615,-0.047502419221433015
0.0092,-0.0028,16.122767584312655,-0.00813230970323519,-0.04559781030036677
0.0093,-0.0028,16.13163608670092,-0.006885371591829444,-0.04390332118944251
0.0094,-0.0028,16.177387882452955,-0.005519269503498198,-0.041254811547033116
0.0095,-0.0028,16.17779051857763,-0.004230670520445082,-0.03679881811768322
0.0096,-0.0028,16.139800184305304,-0.0034368607590874694,-0.03182762440650063
0.0097,-0.0028,16.12540011256015,-0.002273049792000011,-0.02488868913222953
0.0098,-0.0028,16.107639126284113,-0.0011730794854650914,-0.016980148487140863
0.0099,-0.0028,16.08919596049177,-0.00041170474748160237,-0.008733462926447066
0.01,-0.0028,0.0,0.0,0.0
0.0,-0.0027,0.0,0.0,0.0
0.0001,-0.0027,15.603070100082054,-2.869048375391562e-05,0.002884224488558546
0.0002,-0.0027,15.5999818470515,-8.384112553170932e-05,0.005580514133895998
0.0003,-0.0027,15.596609575049007,-0.0001832962956753508,0.008076354160683325
0.0004,-0.0027,15.5936050393652,-0.00032144919296030227,0.01035554526859873
0.0005,-0.0027,15.591182623409422,-0.0004921488422560333,0.012423788516449902
0.0006,-0.0027,15.58952848012223,-0.0006819322535039814,0.014290296066335553
0.0007,-0.0027,15.588559503797308,-0.0008827014044792656,0.015967263673027362
0.0008,-0.0027,15.588193545401507,-0.0010804021214044902,0.01746427494310469
0.0009,-0.0027,15.588497087260926,-0.0012696003916535998,0.01879177696659706
0.001,-0.0027,15.589438706579191,-0.0014440312670302372,0.019954220500898616
0.0011,-0.0027,15.590413831896884,-0.0015994658909042913,0.020956374060883652
0.0012,-0.0027,15.59166152338377,-0.001738505454762335,0.021809584194856648
0.0013,-0.0027,15.59341416707763,-0.0018583394603738197,0.02252230720474568
0.0014,-0.0027,15.595024616686048,-0.0019496027952089193,0.0231120398661903
0.0015,-0.0027,15.596134016799475,-0.0020182802483247617,0.023588053872451022
0.0016,-0.0027,15.59735118804369,-0.0020646772716854866,0.023957290452978282
0.0017,-0.0027,15.597848161535005,-0.002082509373220329,0.024241824573374936
0.0018,-0.0027,15.597368696973028,-0.0020708717476840333,0.024442507630757088
0.0019,-0.0027,15.597118694223317,-0.0020332526428823838,0.02456563582410599
0.002,-0.0027,15.59592671200048,-0.0019749260949213205,0.024619167775146156
0.0021,-0.0027,15.593444061432367,-0.001897828704182486,0.024594740934513006
0.0022,-0.0027,15.590223128131957,-0.0018114280275581558,0.02449518632664558
0.0023,-0.0027,15.586369968529727,-0.0017191550013480796,0.024336764788234967
0.0024,-0.0027,15.582015334218315,-0.0016213121266387266,0.024127821821372807
0.0025,-0.0027,15.576818102277294,-0.0015186700705842112,0.02386718527028057
0.0026,-0.0027,15.57063172374248,-0.0014159865947957536,0.023564320882757235
0.0027,-0.0027,15.56370477178698,-0.0013130523936279196,0.0232327305694324
0.0028,-0.0027,15.55615383233263,-0.0012073532990666165,0.02288272137719222
0.0029,-0.0027,15.54799166260927,-0.0010972431783805125,0.022520875689945607
0.003,-0.0027,15.539158779935724,-0.0009808046010283094,0.0221534289615868
0.0031,-0.0027,15.529595493394572,-0.0008561707239364602,0.021786223617925943
0.0032,-0.0027,15.519260917879574,-0.0007217832903466868,0.021423449786263062
0.0033,-0.0027,15.50814706315971,-0.0005762079256670989,0.021067684286933733
0.0034,-0.0027,15.496244226534113,-0.00041833598012719873,0.02071998661397722
0.0035,-0.0027,15.483513340283997,-0.00024758944372232407,0.020379993948026056
0.0036,-0.0027,15.46992105880796,-6.393498212287096e-05,0.020046507942988758
0.0037,-0.0027,15.45544279900852,0.0001322714907866601,0.019717576351106856
0.0038,-0.0027,15.440062286639387,0.00034032593598969964,0.01939062731968077
0.0039,-0.0027,15.423770123567047,0.0005593711756391753,0.019062540268708277
0.004,-0.0027,15.406566079157288,0.0007884831924679783,0.018729921488850495
0.0041,-0.0027,15.388461181322574,0.0010263620806097782,0.018389384032735993
0.0042,-0.0027,15.369478273735002,0.0012717440966993,0.018037328329927712
0.0043,-0.0027,15.34965514837465,0.0015234966538510276,0.01766987044938632
0.0044,-0.0027,15.32904531658519,0.0017804032437423517,0.01728293737309169
0.0045,-0.0027,15.30772430918173,0.002041304971631828,0.01687226730967485
0.0046,-0.0027,15.285790658984668,0.002304696270385889,0.016433600353780466
0.0047,-0.0027,15.263360170345534,0.0025688753930073567,0.015962543153065313
0.0048,-0.0027,15.240572762967044,0.0028322143031006956,0.015454521553836736
0.0049,-0.0027,15.217588393157941,0.0030922335952176297,0.014905216829172764
0.005,-0.0027,15.194582069341179,0.003346622289637418,0.014309956265198397
0.0051,-0.0027,15.171757767763093,0.003592877404610576,0.013663940338537581
0.0052,-0.0027,15.149339362778324,0.0038273946518996953,0.012963022424774663
0.0053,-0.0027,15.127549740054851,0.004046357486790107,0.012203166115408972
0.0054,-0.0027,15.106619817358839,0.004246055545972419,0.011380169903340702
0.0055,-0.0027,15.086799496160175,0.004422218274837104,0.010490189837883955
0.0056,-0.0027,15.068322055718323,0.004569807046584758,0.009529740911678934
0.0057,-0.0027,15.05142249653552,0.004684982805583956,0.008494881090529737
0.0058,-0.0027,15.036323473877246,0.004762159104877371,0.007382575650256294
0.0059,-0.0027,15.023276478042192,0.0047954245763955445,0.00619070843846085
0.006,-0.0027,15.01248270441118,0.004779079795866986,0.004916841096595966
0.0061,-0.0027,15.004247042460287,0.004711966768013255,0.003559172043685763
0.0062,-0.0027,14.998797310885905,0.004583078315865701,0.0021185384564900893
0.0063,-0.0027,14.995794486265705,0.004385433211451882,0.0005940550903904373
0.0064,-0.0027,14.995368236455857,0.004127478308235209,-0.0010147821820501754
0.0065,-0.0027,14.998083556704392,0.003801473508902215,-0.0027069566475789093
0.0066,-0.0027,15.004018828231874,0.003400627056423449,-0.00448279900717015
0.0067,-0.0027,15.013176275765229,0.00292665076096703,-0.006340033183497401
0.0068,-0.0027,15.025625318571159,0.0023807540602882515,-0.008274506573915381
0.0069,-0.0027,15.041454303632525,0.0017656435725594624,-0.010281687066800178
0.007,-0.0027,15.0607807648034,0.001084297777351445,-0.012356838663008927
0.0071,-0.0027,15.083707989148378,0.00034147671850170806,-0.01449465561292269
0.0072,-0.0027,15.110350961974321,-0.00045719606672806924,-0.016689838826439228
0.0073,-0.0027,15.140824620139677,-0.0013053769792558622,-0.01893769999378109
0.0074,-0.0027,15.175240917441727,-0.0021963956798631795,-0.02123482232899118
0.0075,-0.0027,15.21369494916338,-0.003123479201365461,-0.023579566168307194
0.0076,-0.0027,15.256249403078641,-0.004079811718426231,-0.025972047706147805
0.0077,-0.0027,15.302915355916541,-0.005058123659435213,-0.028413089041432835
0.0078,-0.0027,15.353631092843466,-0.00604989004860837,-0.030901657294895815
0.0079,-0.0027,15.408247145250089,-0.0070436087454030126,-0.03343061857841081
0.008,-0.0027,15.466485894755207,-0.008023315116610804,-0.03598075452132839
0.0081,-0.0027,15.527958403729457,-0.008966226457757211,-0.03851537866669987
0.0082,-0.0027,15.592050770321718,-0.00984217394964288,-0.040976061913607725
0.0083,-0.0027,15.658043549351877,-0.010615224059318746,-0.04328450255300673
0.0084,-0.0027,15.725124483058007,-0.011244689021570936,-0.045351431014589015
0.0085,-0.0027,15.792128969903791,-0.011689294740660244,-0.04709029668018471
0.0086,-0.0027,15.857914964995691,-0.011912270997441098,-0.04842823953368871
0.0087,-0.0027,15.920766028208392,-0.011894001406064057,-0.049316841814525156
0.0088,-0.0027,15.986790298361303,-0.011550989060635954,-0.04973263912165544
0.0089,-0.0027,16.02991195596525,-0.011056259634550501,-0.04966678982183264
0.009,-0.0027,16.067852954327137,-0.010251156195145147,-0.049023950983156914
0.0091,-0.0027,16.152282548756553,-0.009243306946686795,-0.048334708130795975
0.0092,-0.0027,16.162863238280583,-0.008354202894109309,-0.0466908924399239
0.0093,-0.0027,16.166357001799252,-0.006848344638586694,-0.045286084537779256
0.0094,-0.0027,16.20915277538481,-0.005543148016923752,-0.042581253283780575
0.0095,-0.0027,16.178875464994537,-0.004361634835416047,-0.03771880490741682
0.0096,-0.0027,16.169258170096374,-0.003536962275429416,-0.03297189186609499
0.0097,-0.0027,16.17020999826977,-0.00246964365320036,-0.02627113483412435
0.0098,-0.0027,16.150211998151434,-0.0011145110659041434,-0.017995023163606176
0.0099,-0.0027,16.137631637316332,-0.0004744102825091376,-0.009264812808514915
0.01,-0.0027,0.0,0.0,0.0
0.0,-0.0026,0.0,0.0,0.0
0.0001,-0.0026,15.586738386984244,-3.200504997373022e-05,0.0029262317637827346
0.0002,-0.0026,15.583577965251216,-0.00010222620520660924,0.00566415076494805
0.0003,-0.0026,15.57979939320384,-0.00020966561623416487,0.008202284780023439
0.0004,-0.0026,15.576640584378799,-0.0003620956235311137,0.010519697598945141
0.0005,-0.0026,15.574152599736864,-0.0005481241874655999,0.012615590931312377
0.0006,-0.0026,15.572586982842761,-0.0007563576135922428,0.01449731327691506
0.0007,-0.0026,15.571822794150007,-0.0009742024314641722,0.01617676830633616
0.0008,-0.0026,15.571879136357436,-0.0011889438997245527,0.017666394296547767
0.0009,-0.0026,15.572735968588448,-0.0013925832962749791,0.018979312520397463
0.001,-0.0026,15.574289847908744,-0.001576377452395205,0.020123739876690427
0.0011,-0.0026,15.576276308143605,-0.0017348699966567777,0.021104903350153914
0.0012,-0.0026,15.578306130713022,-0.0018690682369085234,0.021934549113250823
0.0013,-0.0026,15.5808631014088,-0.0019808221778816236,0.022624136377196104
0.0014,-0.0026,15.583585269539341,-0.00206117730792172,0.023186619471778372
0.0015,-0.0026,15.585696221117392,-0.002107841371539492,0.023635504243588637
0.0016,-0.0026,15.587952088872655,-0.0021313352274746687,0.02397905961299868
0.0017,-0.0026,15.58915196490723,-0.00212543476310502,0.024229476018637428
0.0018,-0.0026,15.59025737482796,-0.0020863977841302584,0.024400436092431754
0.0019,-0.0026,15.591063582741842,-0.002015536755384772,0.024500691457910777
0.002,-0.0026,15.590153926352926,-0.001918887172133062,0.024530035435303795
0.0021,-0.0026,15.588767446403981,-0.0018012797714125526,0.0244903251593888
0.0022,-0.0026,15.586533847567187,-0.0016683698698329269,0.02438147446580752
0.0023,-0.0026,15.583370703513898,-0.001527504468440668,0.0242131223933712
0.0024,-0.0026,15.57949167623763,-0.0013774274943079332,0.02399856096212747
0.0025,-0.0026,15.574764639286625,-0.0012205455830267132,0.02373719097081333
0.0026,-0.0026,15.569055766307883,-0.0010618389064626476,0.023434171400044355
0.0027,-0.0026,15.562529604395193,-0.0009021875825578349,0.02310050719566975
0.0028,-0.0026,15.555179739636204,-0.0007396973337274026,0.02274658551564817
0.0029,-0.0026,15.547072755121684,-0.0005740196626801666,0.02237983440165687
0.003,-0.0026,15.538236683054322,-0.00040335596929702957,0.02200629381981555
0.0031,-0.0026,15.52863626798546,-0.0002260302215820189,0.021631224424448182
0.0032,-0.0026,15.518270149183026,-4.061537842025176e-05,0.02125876825202078
0.0033,-0.0026,15.507096673388435,0.00015452666693094752,0.020891810781979613
0.0034,-0.0026,15.495075091907792,0.00036051789409358723,0.020531997505263206
0.0035,-0.0026,15.48219982160152,0.0005780264985708241,0.020179604366824894
0.0036,-0.0026,15.468451582557098,0.0008073898760756819,0.019833789034926386
0.0037,-0.0026,15.453812600090213,0.0010485380686222645,0.019492930896389114
0.0038,-0.0026,15.438272885676664,0.0013012077096704894,0.01915459945240609
0.0039,-0.0026,15.421828894582754,0.0015647573259516632,0.01881594594126586
0.004,-0.0026,15.404486223115793,0.0018382310834635994,0.018473924978422814
0.0041,-0.0026,15.386262871603124,0.0021205068980642266,0.01812518722085575
0.0042,-0.0026,15.36718965859241,0.0024104614230867445,0.017766096708774774
0.0043,-0.0026,15.347311993547656,0.0027069290846558312,0.017392797666089976
0.0044,-0.0026,15.32669187972562,0.003008597783092961,0.017001315302567002
0.0045,-0.0026,15.305413351429934,0.003314078150747144,0.01658754480054521
0.0046,-0.0026,15.283578875552266,0.003621717905533073,0.01614735897925079
0.0047,-0.0026,15.261309093266675,0.003929777622191335,0.015676541731835397
0.0048,-0.0026,15.23874768752219,0.004236248005016383,0.015170881953400425
0.0049,-0.0026,15.216051283893004,0.00453872042574656,0.01462623483091753
0.005,-0.0026,15.19339845197275,0.004834904722975203,0.014038202463413888
0.0051,-0.0026,15.170996001837,0.0051219992187852385,0.013402544690672043
0.0052,-0.0026,15.149055159478724,0.005396285262062039,0.012715606484465089
0.0053,-0.0026,15.127791938023632,0.005654368850842698,0.0119734280573513
0.0054,-0.0026,15.107437162227177,0.005892561289164875,0.011172108211318622
0.0055,-0.0026,15.08822850646856,0.0061062678084882775,0.010308378610780714
0.0056,-0.0026,15.070393371834907,0.00629123780047539,0.009378565426005053
0.0057,-0.0026,15.054168946665165,0.0064430838035803364,0.00837932318566876
0.0058,-0.0026,15.039773990788253,0.006556015104500209,0.007308217634618438
0.0059,-0.0026,15.027418502778696,0.006624713409561743,0.006162933485330708
0.006,-0.0026,15.01729260025302,0.006643928791946351,0.0049407947599311025
0.0061,-0.0026,15.009711067874766,0.006609896427600913,0.003640447662533556
0.0062,-0.0026,15.004878919072588,0.006514409718397632,0.002261896266087961
0.0063,-0.0026,15.00257499283633,0.006351954984674661,0.0008030494188083048
0.0064,-0.0026,15.002950065489783,0.006124806295279425,-0.0007372392410627958
0.0065,-0.0026,15.00644726364334,0.0058277921444363,-0.0023582482508805918
0.0066,-0.0026,15.013132678431175,0.005456977528254126,-0.0040600357924244984
0.0067,-0.0026,15.023024927748516,0.005010794591090811,-0.005842804464812895
0.0068,-0.0026,15.036205394128515,0.004488866450488295,-0.007704561712959601
0.0069,-0.0026,15.052763921203958,0.0038939511357143977,-0.009641435495289969
0.007,-0.0026,15.072828234079536,0.0032280713832408634,-0.011649890533530233
0.0071,-0.0026,15.096512197734855,0.002495067386842789,-0.013725782674448683
0.0072,-0.0026,15.123931679929846,0.00169963822272184,-0.015864631313390443
0.0073,-0.0026,15.155200225834198,0.0008471742089945153,-0.01806226375927479
0.0074,-0.0026,15.190425705197839,-5.659539221173921e-05,-0.02031545452542199
0.0075,-0.0026,15.229697702619628,-0.0010058258446491199,-0.022622568636175407
0.0076,-0.0026,15.27307138751317,-0.0019946931317791168,-0.024983789119954844
0.0077,-0.0026,15.320551968973094,-0.003017034017504431,-0.027400533307493213
0.0078,-0.0026,15.372070413821458,-0.004065784309368992,-0.029873545834335442
0.0079,-0.0026,15.427479080689816,-0.005131012584096537,-0.03239925155104904
0.008,-0.0026,15.486509613900889,-0.006199107989556607,-0.03496426115279898
0.0081,-0.0026,15.54881197938557,-0.007249080919432483,-0.03753911781263988
0.0082,-0.0026,15.613825146856351,-0.008251486427468199,-0.04007356254449262
0.0083,-0.0026,15.680883488574613,-0.009170113799129085,-0.042495978569465416
0.0084,-0.0026,15.74924057873609,-0.009962696775665091,-0.04471997264888958
0.0085,-0.0026,15.817878363297352,-0.010582061329534025,-0.04665784413211761
0.0086,-0.0026,15.885529917121872,-0.010991122464561293,-0.04823066724489306
0.0087,-0.0026,15.950465938794899,-0.011154948808349502,-0.049386320426713856
0.0088,-0.0026,16.017827465088438,-0.011024927715674574,-0.05006554545394613
0.0089,-0.0026,16.073944446517306,-0.010585086430706495,-0.050328180405333864
0.009,-0.0026,16.09394430640223,-0.009993758505217498,-0.04995262946137329
0.0091,-0.0026,16.17789488840418,-0.009049900347098367,-0.04932500564362185
0.0092,-0.0026,16.190636410932488,-0.008411038361988383,-0.04796314148783488
0.0093,-0.0026,16.199519647088398,-0.0067184227879902945,-0.046494084847392675
0.0094,-0.0026,16.255915582599968,-0.005780793309051674,-0.043935765135202316
0.0095,-0.0026,16.19962774056693,-0.004635802462651322,-0.039258526122794866
0.0096,-0.0026,16.214285765714514,-0.0033891348085296025,-0.03425228136698835
0.0097,-0.0026,16.23115792503796,-0.002478301541773676,-0.02759865353273434
0.0098,-0.0026,16.200985814707607,-0.0009458154381382088,-0.019016113606410773
0.0099,-0.0026,16.192441227272468,-0.0004855926765926195,-0.009764658353600717
0.01,-0.0026,0.0,0.0,0.0
0.0,-0.0025,0.0,0.0,0.0
0.0001,-0.0025,15.570096042245058,-3.829134622365426e-05,0.0029755927836095913
0.0002,-0.0025,15.566647922272363,-0.00011969613547311558,0.005761882263796113
0.0003,-0.0025,15.562420849836688,-0.0002432989794475859,0.008343640276372322
0.0004,-0.0025,15.559062523377449,-0.000413640681878858,0.010700599408956672
0.0005,-0.0025,15.556501096644997,-0.0006190179001424097,0.012825825904041768
0.0006,-0.0025,15.554974720828081,-0.0008491426008302054,0.01472394759084402
0.0007,-0.0025,15.55453051689081,-0.0010887256865417065,0.016405800468604303
0.0008,-0.0025,15.555075646065905,-0.0013237707307247955,0.017886301453864644
0.0009,-0.0025,15.556533860172005,-0.0015434639614513045,0.019180366962619797
0.001,-0.0025,15.558775692055276,-0.001738673497618807,0.02030009195177867
0.0011,-0.0025,15.561752118021275,-0.001904264405484446,0.02125528277019985
0.0012,-0.0025,15.564963091680015,-0.0020366004150624544,0.022055863113878114
0.0013,-0.0025,15.568356636869089,-0.002138770768586788,0.02271531628711662
0.0014,-0.0025,15.572104845344834,-0.0022093095660434417,0.02324558612769602
0.0015,-0.0025,15.575571868232792,-0.0022365606422615693,0.023661179716136543
0.0016,-0.0025,15.57876237942869,-0.002233686431606601,0.02397267342506781
0.0017,-0.0025,15.581528613108187,-0.0022003262269352074,0.02418802035503029
0.0018,-0.0025,15.583652453659795,-0.002129497173911249,0.024327928497786908
0.0019,-0.0025,15.584877816864191,-0.002026266419466462,0.024399167160566664
0.002,-0.0025,15.585191888503966,-0.0018918085470359808,0.02440092378476441
0.0021,-0.0025,15.584894553962119,-0.0017313966912910592,0.02434043148850022
0.0022,-0.0025,15.583710429609397,-0.0015519406406674157,0.024219732149709336
0.0023,-0.0025,15.581363113047875,-0.0013599281181320149,0.02404103543904741
0.0024,-0.0025,15.57804116223358,-0.001156213235123115,0.023815542491660655
0.0025,-0.0025,15.573862560469541,-0.0009438409239816686,0.023550454436638345
0.0026,-0.0025,15.568649628181182,-0.000726834423592124,0.023246472119792826
0.0027,-0.0025,15.56248728493856,-0.0005083039637387094,0.02291108547858678
0.0028,-0.0025,15.555437039880955,-0.00028733945553011033,0.022553879332096557
0.0029,-0.0025,15.547532850887816,-6.335315614514146e-05,0.02218304633739889
0.003,-0.0025,15.538769915349848,0.00016451290544860532,0.021804089088023948
0.0031,-0.0025,15.529159925325063,0.0003973756759210222,0.021422124635693367
0.0032,-0.0025,15.5187309296995,0.0006365238930312416,0.021041861377682346
0.0033,-0.0025,15.50747696694841,0.000883569612112412,0.02066589876283128
0.0034,-0.0025,15.495347728966996,0.0011396482325843383,0.02029577353450451
0.0035,-0.0025,15.48233911520041,0.0014055297235439157,0.019932364895677752
0.0036,-0.0025,15.468451910506733,0.0016818514107685121,0.01957536515157326
0.0037,-0.0025,15.453664251935972,0.0019688884957167374,0.01922327667353922
0.0038,-0.0025,15.437974542349384,0.0022665116479144935,0.018874036213700915
0.0039,-0.0025,15.421390697780938,0.0025742109643159842,0.018525256765189246
0.004,-0.0025,15.403924938582485,0.0028912558085880413,0.0181740758154362
0.0041,-0.0025,15.385601925243748,0.0032167570259409644,0.017817210745706028
0.0042,-0.0025,15.36645901358823,0.00354973449470641,0.017451104400474596
0.0043,-0.0025,15.34654884802203,0.003888944687816331,0.017072072522272257
0.0044,-0.0025,15.325942009901572,0.0042331416415959085,0.016676197955171213
0.0045,-0.0025,15.304728756815003,0.004580783194378829,0.016259579699691988
0.0046,-0.0025,15.283014798922926,0.004930113478114021,0.01581829907357447
0.0047,-0.0025,15.260925735598393,0.005279461221637319,0.015348263629835606
0.0048,-0.0025,15.238605650912849,0.005626453876773543,0.014845656915979897
0.0049,-0.0025,15.216210006907746,0.005968890109699983,0.01430642252992591
0.005,-0.0025,15.193923359541785,0.0063044692455301666,0.013726421923172694
0.0051,-0.0025,15.171949717733527,0.006629891321472435,0.01310203567155727
0.0052,-0.0025,15.150487443848455,0.006941841609851543,0.012429736757426143
0.0053,-0.0025,15.129751500554429,0.0072370519290919635,0.011705855662653928
0.0054,-0.0025,15.109970452852803,0.007511520157379644,0.010927012286424013
0.0055,-0.0025,15.091367909154664,0.00776102594247635,0.010089995792606766
0.0056,-0.0025,15.074179343168014,0.007981551793524954,0.009191300235293492
0.0057,-0.0025,15.058635990739168,0.008167942298362534,0.008228403629544256
0.0058,-0.0025,15.044948567566255,0.00831484747640562,0.007199027098574179
0.0059,-0.0025,15.033295850826375,0.008417529935035256,0.0061006314142568255
0.006,-0.0025,15.023878398399123,0.008470503712866938,0.004931144612454042
0.0061,-0.0025,15.017002198863779,0.008468055380827667,0.0036896681034592153
0.0062,-0.0025,15.012815901459804,0.008405446072997282,0.002374522592163578
0.0063,-0.0025,15.011235240617552,0.008278479156623924,0.0009818777425165612
0.0064,-0.0025,15.01242949151379,0.0080829730653268,-0.0004897607118304873
0.0065,-0.0025,15.01670122536708,0.007815686601383244,-0.002039205840446575
0.0066,-0.0025,15.024128094903212,0.0074748145355796585,-0.003666521546722851
0.0067,-0.0025,15.034788450964653,0.007057880900778238,-0.005373034495592055
0.0068,-0.0025,15.04877610496515,0.006563084247007576,-0.007158603377676304
0.0069,-0.0025,15.066164034441343,0.005991686974799364,-0.009021218747453033
0.007,-0.0025,15.087086361552652,0.0053456871557851105,-0.01095821858695453
0.0071,-0.0025,15.11166965457146,0.004627672860364567,-0.012966472669081259
0.0072,-0.0025,15.140029725136044,0.0038414046979489786,-0.015042277136964696
0.0073,-0.0025,15.17228265213643,0.0029912140756639272,-0.017181980422190143
0.0074,-0.0025,15.208532006115625,0.0020818152691498204,-0.019382566313810568
0.0075,-0.0025,15.248860911986245,0.0011180334900297096,-0.02164238737435717
0.0076,-0.0025,15.293316120753078,0.00010465542490444013,-0.023961647647356112
0.0077,-0.0025,15.341894617190798,-0.0009532538296712842,-0.02634221884234747
0.0078,-0.0025,15.394520314967652,-0.0020499900170209036,-0.028786300862569048
0.0079,-0.0025,15.45104278869011,-0.0031772431564686147,-0.03129343002286154
0.008,-0.0025,15.511191875622226,-0.004323566259273229,-0.03385565365099257
0.0081,-0.0025,15.574626900575678,-0.00547040035227921,-0.03645113210954844
0.0082,-0.0025,15.640850140039838,-0.006589799099648333,-0.03903892432105798
0.0083,-0.0025,15.709219442415126,-0.007645941492496979,-0.041555806291498625
0.0084,-0.0025,15.779016600236629,-0.008596111822140338,-0.04392048557023345
0.0085,-0.0025,15.849441411330385,-0.009387488899706614,-0.04604457842627223
0.0086,-0.0025,15.919054987579031,-0.009983934357701573,-0.04784564921607808
0.0087,-0.0025,15.98721198539665,-0.010323566062577413,-0.04926206898918161
0.0088,-0.0025,16.05102498308685,-0.010428282048386205,-0.05022802058003254
0.0089,-0.0025,16.120938946637708,-0.0100939623560692,-0.050771453789108564
0.009,-0.0025,16.151816739137132,-0.009803882015123612,-0.0507044257251138
0.0091,-0.0025,16.228489844583653,-0.008866742251335777,-0.05015764870183884
0.0092,-0.0025,16.25255902156404,-0.008263028354764211,-0.049291348854709746
0.0093,-0.0025,16.255090062526588,-0.006631136698268882,-0.04752216698757976
0.0094,-0.0025,16.30659485698566,-0.0059632056552948514,-0.04500557784394948
0.0095,-0.0025,16.249101563697238,-0.004898707720093693,-0.04117644367094371
0.0096,-0.0025,16.272946249112096,-0.003203249355592589,-0.035746749653382606
0.0097,-0.0025,16.303880356823175,-0.0023196943465954595,-0.028793341767684895
0.0098,-0.0025,16.26376825093187,-0.0008024710243244003,-0.019948993839291954
0.0099,-0.0025,16.253300954963613,-0.00043412241530973495,-0.010210362746796353
0.01,-0.0025,0.0,0.0,0.0
0.0,-0.0024,0.0,0.0,0.0
0.0001,-0.0024,15.552902191003026,-4.5669814586555204e-05,0.003033492338088371
0.0002,-0.0024,15.549042899947004,-0.0001398927920684763,0.0058746079852566874
0.0003,-0.0024,15.54432130004647,-0.00028510698003838045,0.008504894407940706
0.0004,-0.0024,15.540706474557165,-0.0004781891385736083,0.010903411627100727
0.0005,-0.0024,15.538060244955705,-0.0007081757723538033,0.013059413549477452
0.0006,-0.0024,15.536637313694149,-0.0009644666047346863,0.01497416389183487
0.0007,-0.0024,15.536589369850404,-0.0012291962672248396,0.01665799256528457
0.0008,-0.0024,15.537615794722901,-0.0014872054099886963,0.018126864370993253
0.0009,-0.0024,15.539801883316407,-0.001727034276274223,0.019397660069609024
0.001,-0.0024,15.543004520021015,-0.0019362364013199617,0.020486519864568346
0.0011,-0.0024,15.546868942831377,-0.002109816163250841,0.02140783004646478
0.0012,-0.0024,15.55137828917355,-0.0022439528782846278,0.022173034313610174
0.0013,-0.0024,15.555917729808787,-0.0023372278428091557,0.022795317715525676
0.0014,-0.0024,15.560716169025998,-0.0023950418714628243,0.023288735452740333
0.0015,-0.0024,15.56577381475514,-0.0024070012216414922,0.02366798712949955
0.0016,-0.0024,15.570283709290198,-0.0023752533539065273,0.02394145563366458
0.0017,-0.0024,15.57417752554394,-0.002309662560008043,0.024121766624169184
0.0018,-0.0024,15.577267850512417,-0.0022072052536796713,0.024224850175335908
0.0019,-0.0024,15.57976738386064,-0.002068622977335612,0.024258660419576902
0.002,-0.0024,15.581461498539667,-0.0018944896720474572,0.024230767607271275
0.0021,-0.0024,15.582121600950268,-0.001690587163390999,0.024145793472650858
0.0022,-0.0024,15.581877611166895,-0.0014629713405614553,0.024007783886951916
0.0023,-0.0024,15.580409242520586,-0.0012171754887211157,0.02381655287585076
0.0024,-0.0024,15.577758921563904,-0.000958802321382421,0.023578795630607576
0.0025,-0.0024,15.57410484557185,-0.0006908251958386864,0.023305269677067995
0.0026,-0.0024,15.569456832056858,-0.00041470139696517857,0.022998329653635373
0.0027,-0.0024,15.56373452296129,-0.000134388036406237,0.022661314848730303
0.0028,-0.0024,15.556968375151103,0.00014747917549983326,0.022301755766459555
0.0029,-0.0024,15.549247404735972,0.0004314951368169209,0.021927647845594277
0.003,-0.0024,15.54067087276468,0.0007187356732359989,0.021544805570520117
0.0031,-0.0024,15.531161014641532,0.001010215119610196,0.02115803114227101
0.0032,-0.0024,15.520670062372316,0.0013058679656908641,0.020771333587126108
0.0033,-0.0024,15.509319959078837,0.0016071770038466264,0.02038780757994725
0.0034,-0.0024,15.497099791840057,0.001915716109072435,0.020009345897194712
0.0035,-0.0024,15.48397902021834,0.0022323298703555393,0.01963658550182143
0.0036,-0.0024,15.4699273502301,0.002557615957563191,0.01926952728456265
0.0037,-0.0024,15.454973123432977,0.002891903089542704,0.01890734671266028
0.0038,-0.0024,15.439145948206694,0.0032354577810671144,0.018548469596973968
0.0039,-0.0024,15.422436092676966,0.0035879452356615566,0.018190569929994193
0.004,-0.0024,15.404853705782317,0.003948819332773813,0.017830842519592514
0.0041,-0.0024,15.386439499174074,0.004317431896937587,0.017466274909701783
0.0042,-0.0024,15.367237728350386,0.004692872343932165,0.01709357089292506
0.0043,-0.0024,15.34730725233933,0.00507401869163863,0.01670917019391613
0.0044,-0.0024,15.32672618546524,0.005459610158666391,0.016309355101028055
0.0045,-0.0024,15.305588906320665,0.005848065528635716,0.01589039918306363
0.0046,-0.0024,15.284005455254206,0.006237719595130203,0.015448511559561165
0.0047,-0.0024,15.262106022006048,0.006626696132320252,0.01497989319166137
0.0048,-0.0024,15.24003239671877,0.0070127141152150204,0.014480893168202856
0.0049,-0.0024,15.217943172901458,0.007393584756893919,0.01394769182533883
0.005,-0.0024,15.196027315872136,0.007766850610173533,0.013376550364433845
0.0051,-0.0024,15.17447976091843,0.008129076761027934,0.01276421306853425
0.0052,-0.0024,15.153490331640787,0.00847719576681545,0.01210729693440149
0.0053,-0.0024,15.133276200085762,0.008807983772584807,0.011402429289102437
0.0054,-0.0024,15.11405858539981,0.00911712429660266,0.010646651077642504
0.0055,-0.0024,15.09605550878294,0.009401026343531344,0.009836804530970491
0.0056,-0.0024,15.079512536022678,0.00965521470044528,0.00897007124502756
0.0057,-0.0024,15.064642036417364,0.009874376418188446,0.00804422574391166
0.0058,-0.0024,15.05165122987806,0.010053947013198063,0.007056737169800063
0.0059,-0.0024,15.040706266593894,0.010188586136115008,0.006005424808320387
0.006,-0.0024,15.032024090238973,0.010273295150241436,0.0048886560709453155
0.0061,-0.0024,15.025885220158939,0.010302838401709888,0.003704647389412438
0.0062,-0.0024,15.022369658158468,0.010272476240393881,0.0024511891600885504
0.0063,-0.0024,15.021532214008625,0.010178058583111063,0.00112529567470922
0.0064,-0.0024,15.023552473853467,0.010014868178321586,-0.0002751253091409656
0.0065,-0.0024,15.028600129703786,0.00977893369326862,-0.0017510611239059766
0.0066,-0.0024,15.036785302697634,0.009468076684543261,-0.003303092095972842
0.0067,-0.0024,15.048243434758483,0.009081313128921156,-0.00493193043327608
0.0068,-0.0024,15.063096781815355,0.00861546363917153,-0.006639147291865058
0.0069,-0.0024,15.081409794780253,0.00807021554691052,-0.008424524006087213
0.007,-0.0024,15.103304940969204,0.007447556544848403,-0.010286123864528821
0.0071,-0.0024,15.128920836005374,0.006748688893447126,-0.012221740017292058
0.0072,-0.0024,15.158378443662828,0.005976375578030567,-0.014228452104286502
0.0073,-0.0024,15.191796977893835,0.0051338311133912445,-0.016303100208276074
0.0074,-0.0024,15.229276673632429,0.0042246844227383515,-0.018442897851728868
0.0075,-0.0024,15.27089425830321,0.0032526938977413588,-0.020646213927061327
0.0076,-0.0024,15.31668825941483,0.002221587185760752,-0.022913249182654714
0.0077,-0.0024,15.366645366696083,0.0011352914172137857,-0.025246178251897275
0.0078,-0.0024,15.420681488841323,-1.725210801317538e-06,-0.0276483779359389
0.0079,-0.0024,15.478642889213388,-0.0011827482641696505,-0.03012215627918723
0.008,-0.0024,15.540253573213937,-0.002398163245050762,-0.03266461898572721
0.0081,-0.0024,15.60516716648581,-0.0036321405483983873,-0.035261552550721074
0.0082,-0.0024,15.672941296515527,-0.004858999206489677,-0.037881473724272835
0.0083,-0.0024,15.742930717890806,-0.006044310813729559,-0.040471181986733946
0.0084,-0.0024,15.81447377644306,-0.00714522316337657,-0.04295737745552247
0.0085,-0.0024,15.886862552545812,-0.008106252438634672,-0.04525282746981398
0.0086,-0.0024,15.958620775504686,-0.008886489069557808,-0.0472735088045063
0.0087,-0.0024,16.029625117826118,-0.009415525334809181,-0.048942802146024235
0.0088,-0.0024,16.093554347412294,-0.009731536069812549,-0.050209840748787184
0.0089,-0.0024,16.168742661480756,-0.00960159358934528,-0.05098847668802003
0.009,-0.0024,16.21814081771122,-0.009455848958362595,-0.051259770688811705
0.0091,-0.0024,16.247658379520786,-0.008548654223209082,-0.05080574816692221
0.0092,-0.0024,16.30980946470917,-0.008128030707612588,-0.050333450244114473
0.0093,-0.0024,16.34521445873879,-0.006747155476390052,-0.04847313466849558
0.0094,-0.0024,16.346745575713644,-0.005914777024084016,-0.04597125547529082
0.0095,-0.0024,16.32935257290165,-0.005118219268632585,-0.043121265938322315
0.0096,-0.0024,16.356987255478174,-0.0031398636547938638,-0.03749623105921127
0.0097,-0.0024,16.37708690630986,-0.002024896502695197,-0.02992343064201166
0.0098,-0.0024,16.33926030083666,-0.0008259199123204997,-0.02074768615157332
0.0099,-0.0024,16.320350809196444,-0.0003590212048489474,-0.010623247431559145
0.01,-0.0024,0.0,0.0,0.0
0.0,-0.0023,0.0,0.0,0.0
0.0001,-0.0023,15.534911926742462,-5.428570066778891e-05,0.003101427227033978
0.0002,-0.0023,15.530614349948333,-0.0001674001982990614,0.006006640196100048
0.0003,-0.0023,15.525356573153028,-0.0003369342011193117,0.008691847324327194
0.0004,-0.0023,15.52141992596006,-0.0005587337823220982,0.011134268504549575
0.0005,-0.0023,15.518678932762013,-0.0008193096313779282,0.013321632951203788
0.0006,-0.0023,15.51744127464151,-0.001106355991363943,0.015252197327417215
0.0007,-0.0023,15.517796791656034,-0.0014003744957045731,0.01693609697703941
0.0008,-0.0023,15.519443731841035,-0.0016851572629853072,0.01838993700528388
0.0009,-0.0023,15.522482355911528,-0.0019475405714845216,0.019633937504536975
0.001,-0.0023,15.526714704618948,-0.0021740572669344464,0.020687100649579543
0.0011,-0.0023,15.531784393614373,-0.00235751393084794,0.02156587962347014
0.0012,-0.0023,15.537558145020988,-0.00249376863624887,0.022286858219685204
0.0013,-0.0023,15.543569377513913,-0.0025802022672002482,0.022864162988837634
0.0014,-0.0023,15.549513971300806,-0.0026212832152180585,0.023311303604146447
0.0015,-0.0023,15.555654072492581,-0.002617870969715512,0.023645988047550397
0.0016,-0.0023,15.561922666817367,-0.0025607865250262987,0.023879364025665692
0.0017,-0.0023,15.567104013783743,-0.002459394999404417,0.024020262805537877
0.0018,-0.0023,15.571704535898748,-0.002322914651822135,0.02408317864023419
0.0019,-0.0023,15.57584987128476,-0.0021448465247567716,0.02408016341621218
0.002,-0.0023,15.578564661465501,-0.0019276862292735733,0.024019048163984445
0.0021,-0.0023,15.580280193265855,-0.0016783962946427477,0.02390505481190709
0.0022,-0.0023,15.580935607605584,-0.0014015985824657189,0.023743323377396507
0.0023,-0.0023,15.580401247876955,-0.001102590712281245,0.023536599709999415
0.0024,-0.0023,15.57861770167683,-0.0007876564402060325,0.023286893066338216
0.0025,-0.0023,15.575606182335232,-0.000461402365420493,0.023001815920688853
0.0026,-0.0023,15.571484427160437,-0.0001258540630254979,0.022688397823696152
0.0027,-0.0023,15.566246742806145,0.00021672934433943514,0.022348774669402573
0.0028,-0.0023,15.559860410532599,0.0005625172951112829,0.021987432634149914
0.0029,-0.0023,15.552366937696542,0.0009093943172148154,0.021610936370491378
0.003,-0.0023,15.543909302969166,0.0012580464093202288,0.021225485671695563
0.0031,-0.0023,15.534466217949694,0.001609960615716578,0.020835524811717653
0.0032,-0.0023,15.52402451664481,0.001964929025932359,0.020444268219808152
0.0033,-0.0023,15.512636921626735,0.0023237517375248014,0.020054865409080486
0.0034,-0.0023,15.50030144155087,0.0026877281122085674,0.01966974466209861
0.0035,-0.0023,15.487053848286648,0.0030576177673131517,0.019289811813915463
0.0036,-0.0023,15.472896577802896,0.003434203046210555,0.018914798611633057
0.0037,-0.0023,15.457815821879556,0.003818139358120302,0.018544157528024394
0.0038,-0.0023,15.4418080409269,0.00420960145089446,0.018176721745550697
0.0039,-0.0023,15.424926269161558,0.004608399836964474,0.01781068653642384
0.004,-0.0023,15.407230363539147,0.005014407471216996,0.017443516922383183
0.0041,-0.0023,15.388737492805282,0.0054271594600982095,0.01707220982248129
0.0042,-0.0023,15.369479306672572,0.005845703053604385,0.016693657217527143
0.0043,-0.0023,15.34953075651212,0.00626912250495965,0.016304537439227534
0.0044,-0.0023,15.328979464320316,0.006696176364742471,0.01590140336216445
0.0045,-0.0023,15.307921034950489,0.0071252944473739485,0.01548074655709874
0.0046,-0.0023,15.286471160581483,0.007554967295777928,0.015038932966651139
0.0047,-0.0023,15.264761571387792,0.007983072967301918,0.014572454726702887
0.0048,-0.0023,15.242932192788809,0.008407547227603158,0.014077789451909649
0.0049,-0.0023,15.221147310047604,0.008826190622684799,0.01355136154341195
0.005,-0.0023,15.199596582922053,0.00923622887885888,0.012989868446743618
0.0051,-0.0023,15.17846479595181,0.009634438655659891,0.01239028407028149
0.0052,-0.0023,15.157940795300485,0.01001779359090117,0.011749469885404876
0.0053,-0.0023,15.13823931030271,0.01038294963474413,0.011064440656687134
0.0054,-0.0023,15.119572740578809,0.010725676555179732,0.010332483563763002
0.0055,-0.0023,15.102164724348174,0.011042549279714098,0.009550566977282429
0.0056,-0.0023,15.086257618524124,0.011328880098407278,0.00871636716408232
0.0057,-0.0023,15.072038608450598,0.01157946532035016,0.007827953094226866
0.0058,-0.0023,15.059721032338365,0.011790294904226378,0.006882876088866369
0.0059,-0.0023,15.049471833700808,0.011954883179343463,0.005879261176921248
0.006,-0.0023,15.04149626422337,0.012070445480276993,0.004815274398538284
0.0061,-0.0023,15.036073632060972,0.012131321725911623,0.0036886079868713962
0.0062,-0.0023,15.033270787748593,0.012131313327541146,0.0024969262486510364
0.0063,-0.0023,15.033194599866613,0.01206807687821822,0.0012374603517368984
0.0064,-0.0023,15.036023289453189,0.011936350063440411,-9.224556042162699e-05
0.0065,-0.0023,15.041885820771927,0.011732202041734405,-0.001494127744666533
0.0066,-0.0023,15.05090021917976,0.01145241942324322,-0.002969834022049986
0.0067,-0.0023,15.06320985761174,0.011096179003361652,-0.004520592873191791
0.0068,-0.0023,15.078984873785169,0.010660431782917751,-0.006148331265471549
0.0069,-0.0023,15.09830301744424,0.010143559131081897,-0.007854058242007399
0.007,-0.0023,15.121273486003414,0.009546746712692719,-0.009636944879902874
0.0071,-0.0023,15.148046646239173,0.008870182974681957,-0.01149554580433728
0.0072,-0.0023,15.17875019682077,0.008115504486896297,-0.013427676638822768
0.0073,-0.0023,15.213505248387582,0.007284784292014724,-0.015430682863743762
0.0074,-0.0023,15.25240978415751,0.006380504839000442,-0.017502063180457307
0.0075,-0.0023,15.295536119877967,0.0054053452416340285,-0.01964021776629675
0.0076,-0.0023,15.342915741484116,0.004361990437860581,-0.02184521469986545
0.0077,-0.0023,15.394523216660248,0.003253260588685435,-0.0241194736742606
0.0078,-0.0023,15.450262064854249,0.0020825308756596047,-0.02646748392123218
0.0079,-0.0023,15.509973169383635,0.0008548832789639052,-0.028893712437698685
0.008,-0.0023,15.573391503738202,-0.0004218327742478833,-0.03139991367551286
0.0081,-0.0023,15.640166761384217,-0.001734301400274904,-0.033979527380933655
0.0082,-0.0023,15.709867012017206,-0.003059332367649858,-0.036610333496991825
0.0083,-0.0023,15.7818714047702,-0.004364740236621617,-0.03925002443397726
0.0084,-0.0023,15.855540419079894,-0.005608509260492136,-0.04183575224659629
0.0085,-0.0023,15.930098015575384,-0.006736540568019641,-0.04428514744279142
0.0086,-0.0023,16.004442752302626,-0.007695326126680022,-0.046512693919053466
0.0087,-0.0023,16.07790247652582,-0.008426793264887862,-0.04842802280819834
0.0088,-0.0023,16.14790402402688,-0.008916434252701371,-0.049983929848461596
0.0089,-0.0023,16.220624429345648,-0.009050029660715648,-0.05104237192788843
0.009,-0.0023,16.280662806065777,-0.008923909259833041,-0.051706759515329236
0.0091,-0.0023,16.290367497929157,-0.008349243950163144,-0.051572806938167855
0.0092,-0.0023,16.38449323943212,-0.008007359047358232,-0.05123049041423788
0.0093,-0.0023,16.4437869844986,-0.006937869203984993,-0.04942280057859828
0.0094,-0.0023,16.405841033233507,-0.005913347960554651,-0.04704041881713715
0.0095,-0.0023,16.467157102003736,-0.005230377019615311,-0.04454463056627013
0.0096,-0.0023,16.484857982910402,-0.003237258306297917,-0.03903907928040866
0.0097,-0.0023,16.44633544370495,-0.00178663180283902,-0.031071978142827812
0.0098,-0.0023,16.422491636254197,-0.0010284946004716668,-0.021475495094469155
0.0099,-0.0023,16.39488619050924,-0.00034029314840203836,-0.011053939744739212
0.01,-0.0023,0.0,0.0,0.0
0.0,-0.0022,0.0,0.0,0.0
0.0001,-0.0022,15.516021946041137,-6.51930857228797e-05,0.0031828955684880867
0.0002,-0.0022,15.511208587212648,-0.00020281103711281137,0.006162405676149762
0.0003,-0.0022,15.505271864795201,-0.00040020072571835783,0.008909374558250407
0.0004,-0.0022,15.500983859808386,-0.0006578457501877537,0.011399014936962536
0.0005,-0.0022,15.498162134339857,-0.0009550657677961552,0.013618218818460214
0.0006,-0.0022,15.497142388596568,-0.001278400774311514,0.015563762167193868
0.0007,-0.0022,15.49794026575444,-0.0016076483974661307,0.017245512776020225
0.0008,-0.0022,15.500483144112113,-0.0019239848719853924,0.01868032643352911
0.0009,-0.0022,15.504550667140274,-0.0022108443478747733,0.01989109558525209
0.001,-0.0022,15.509865069713623,-0.0024563011280521203,0.020901029702795795
0.0011,-0.0022,15.51635171646237,-0.0026517131201758038,0.021730698938582763
0.0012,-0.0022,15.52361086350398,-0.0027911552332626948,0.02239889278867135
0.0013,-0.0022,15.531350290997564,-0.0028716333049166654,0.02292195227844523
0.0014,-0.0022,15.539017513220125,-0.0028963240047235194,0.023315904717434485
0.0015,-0.0022,15.546844757647152,-0.0028707976385257752,0.023598772786648653
0.0016,-0.0022,15.554430831857108,-0.002786342878592421,0.023784628006279937
0.0017,-0.0022,15.561159758201482,-0.0026515609836366308,0.02388119760920045
0.0018,-0.0022,15.56735845234096,-0.002475866591840552,0.023901834359297516
0.0019,-0.0022,15.57250722024378,-0.002254610125355898,0.023859572128921185
0.002,-0.0022,15.57647933528821,-0.0019925963713921108,0.023761855099040857
0.0021,-0.0022,15.579382550770003,-0.0016950934148735734,0.023616072472780445
0.0022,-0.0022,15.581072166947449,-0.001367375608479182,0.023427541035093032
0.0023,-0.0022,15.581466270900771,-0.0010141408195695261,0.023200122886886717
0.0024,-0.0022,15.580563754361947,-0.0006414869182156924,0.022936150488134036
0.0025,-0.0022,15.578317464056443,-0.0002546748709207707,0.022639582711504194
0.0026,-0.0022,15.574763306257484,0.00014253637941335964,0.022316861651386764
0.0027,-0.0022,15.56999283548907,0.0005475191875128015,0.02197228961442566
0.0028,-0.0022,15.56400852100004,0.0009575283253592608,0.02160863324824955
0.0029,-0.0022,15.556838992146444,0.0013702154014622403,0.02123047247169414
0.003,-0.0022,15.54853860751754,0.001783877093520301,0.020843130890715385
0.0031,-0.0022,15.539159407519413,0.0021985655733866506,0.020450797058367606
0.0032,-0.0022,15.528764383948607,0.0026152586980616455,0.02005680591447137
0.0033,-0.0022,15.51736468399357,0.0030348129763498894,0.019663934098954682
0.0034,-0.0022,15.50492407000407,0.003457582514770482,0.019274156721802105
0.0035,-0.0022,15.49151479264666,0.003883845519312896,0.018888792472053082
0.0036,-0.0022,15.477222674536845,0.004314810695780392,0.01850807190297065
0.0037,-0.0022,15.462019304478998,0.004751347175677991,0.018131244678636946
0.0038,-0.0022,15.445913257259972,0.005193534984765855,0.017757028430017016
0.0039,-0.0022,15.428911467198295,0.0056414584902771125,0.01738400626376147
0.004,-0.0022,15.411060993039262,0.006095063793718615,0.017010336261970207
0.0041,-0.0022,15.392446696301109,0.006553921276690972,0.016633424322038164
0.0042,-0.0022,15.373130383246757,0.007017335865317358,0.016250205747372033
0.0043,-0.0022,15.353169990602517,0.007484533967131355,0.015857451611417325
0.0044,-0.0022,15.332645652337272,0.007954231699301106,0.01545192581234776
0.0045,-0.0022,15.311662128837167,0.00842497847936111,0.015030388022197314
0.0046,-0.0022,15.290341546745609,0.008895307740888947,0.014589500823234326
0.0047,-0.0022,15.26881684674783,0.009363058257590269,0.014125963751867058
0.0048,-0.0022,15.24722520137098,0.009826226077337595,0.013636491084909347
0.0049,-0.0022,15.225736822169308,0.010282618146708614,0.01311781863370867
0.005,-0.0022,15.204539171526683,0.010729206554375374,0.012566967356503873
0.0051,-0.0022,15.183807832654443,0.011163009609610529,0.011981078358983753
0.0052,-0.0022,15.163735997521181,0.01158103777201146,0.011357258997208488
0.0053,-0.0022,15.144531649287762,0.011979643229183224,0.010692917225161053
0.0054,-0.0022,15.126401515390342,0.012355150681098503,0.009985465706792769
0.0055,-0.0022,15.109577519104313,0.01270372523428568,0.009232351529318292
0.0056,-0.0022,15.094285578948568,0.013020658121605045,0.008431597118247874
0.0057,-0.0022,15.080704783156405,0.013301410923757893,0.007581189191130806
0.0058,-0.0022,15.069056244242484,0.01354165501471396,0.0066791515651582496
0.0059,-0.0022,15.059494348458104,0.013735436592673284,0.005723573127707484
0.006,-0.0022,15.052215928466314,0.013880293020642444,0.004712151220559613
0.0061,-0.0022,15.047505235724392,0.013970600001799581,0.003642521481643733
0.0062,-0.0022,15.045428459963786,0.014000324272914548,0.0025122257271811155
0.0063,-0.0022,15.046100548715286,0.01396715304206148,0.0013187025408994929
0.0064,-0.0022,15.04971379956242,0.013865982767421273,5.9311664855024484e-05
0.0065,-0.0022,15.056404550041185,0.013693228292843876,-0.0012686322829765033
0.0066,-0.0022,15.066298045145734,0.0134449046581031,-0.002667925736320163
0.0067,-0.0022,15.079525343604418,0.01311952240227934,-0.004140306849447251
0.0068,-0.0022,15.096274974061906,0.012714700551084045,-0.005687543843750174
0.0069,-0.0022,15.116667853964218,0.01222770217258449,-0.007311725092007277
0.007,-0.0022,15.140814128548202,0.011658432247216289,-0.009013097735330199
0.0071,-0.0022,15.168863654051437,0.011006377190605425,-0.010790797662645964
0.0072,-0.0022,15.200953182189004,0.010271932245955313,-0.012643321253094095
0.0073,-0.0022,15.237208263036727,0.009455996743534926,-0.014568506899571221
0.0074,-0.0022,15.27772917937296,0.008559894432630232,-0.016564137700000647
0.0075,-0.0022,15.32258049893238,0.007585281522649923,-0.01862877581655137
0.0076,-0.0022,15.371777492015667,0.0065338723858072555,-0.020762448287756412
0.0077,-0.0022,15.425287557456201,0.005407429750909043,-0.022967797848287605
0.0078,-0.0022,15.483021337088088,0.004208280123637904,-0.025250220691041405
0.0079,-0.0022,15.544792640869714,0.0029402125380327405,-0.02761601534865748
0.008,-0.0022,15.610340287437722,0.0016094327731994897,-0.0300704587317366
0.0081,-0.0022,15.679326874570789,0.00022626501322735217,-0.032614005480035735
0.0082,-0.0022,15.751345828841862,-0.00118899420921862,-0.0352349483027737
0.0083,-0.0022,15.825814659678619,-0.0026053805006068884,-0.03790135145808024
0.0084,-0.0022,15.902044675212595,-0.0039835161087392506,-0.040561767017496204
0.0085,-0.0022,15.979158422313786,-0.005273775870184323,-0.04314396648903523
0.0086,-0.0022,16.05659435799067,-0.006409534712285891,-0.04556267285487159
0.0087,-0.0022,16.132461201739545,-0.007343026614709191,-0.047721408265355585
0.0088,-0.0022,16.20715261393516,-0.00799357435970794,-0.04955304931648693
0.0089,-0.0022,16.27177450692323,-0.008403275802263114,-0.05093755096401764
0.009,-0.0022,16.34569065127482,-0.00832311642086884,-0.051934691586375405
0.0091,-0.0022,16.38427529068025,-0.008269752720703068,-0.0520951344397922
0.0092,-0.0022,16.470292142297726,-0.007709880518540672,-0.05174464585384343
0.0093,-0.0022,16.53409254782325,-0.007049667609320069,-0.05025874575033114
0.0094,-0.0022,16.488873313072784,-0.005889758192127108,-0.04812192246542298
0.0095,-0.0022,16.597167801074455,-0.004996300018547232,-0.04497842180137623
0.0096,-0.0022,16.61118796291846,-0.003642087497914945,-0.03971281773092712
0.0097,-0.0022,16.51622923814771,-0.001935629821337778,-0.03223583621566517
0.0098,-0.0022,16.506818817521314,-0.0013161317139532924,-0.022325848159466498
0.0099,-0.0022,16.478045188327876,-0.0004064895393757503,-0.011560573484240715
0.01,-0.0022,0.0,0.0,0.0
0.0,-0.0021,0.0,0.0,0.0
0.0001,-0.0021,15.496064864544396,-7.876332119699074e-05,0.003282779532560263
0.0002,-0.0021,15.490525018354761,-0.00024389359140319022,0.006348094872714694
0.0003,-0.0021,15.483746006882294,-0.00047686693278592906,0.00916356357292189
0.0004,-0.0021,15.479068212481993,-0.0007789004735354866,0.011704495665329643
0.0005,-0.0021,15.476254927733843,-0.0011207343102234706,0.013956052677371008
0.0006,-0.0021,15.475575506903064,-0.001486808132094498,0.01591485530847648
0.0007,-0.0021,15.476958839228596,-0.0018563607180977465,0.017590245941369074
0.0008,-0.0021,15.480511011317544,-0.0022076690677706188,0.01900114700962662
0.0009,-0.0021,15.485794663171788,-0.002522212061198234,0.02017262776286615
0.001,-0.0021,15.492523816473732,-0.002788403796578222,0.02113087333912853
0.0011,-0.0021,15.500579470237733,-0.0029957353475689895,0.02190220100991883
0.0012,-0.0021,15.509571602634157,-0.003138198250156994,0.0225090768710007
0.0013,-0.0021,15.519185158428753,-0.0032118785864330207,0.02297079512612126
0.0014,-0.0021,15.528617148851195,-0.003220218618571699,0.023305790589415263
0.0015,-0.0021,15.537929260212476,-0.003168736498430524,0.023531873394280832
0.0016,-0.0021,15.54721128229167,-0.0030535740295343514,0.023660739522210893
0.0017,-0.0021,15.555763143641054,-0.002883631139110665,0.023705417083932763
0.0018,-0.0021,15.563453684685877,-0.0026649805769165882,0.023679783926278425
0.0019,-0.0021,15.570030974262645,-0.0023972951750818178,0.023593282228479125
0.002,-0.0021,15.575369158892379,-0.0020867744507360713,0.02345616575216343
0.0021,-0.0021,15.579515431920065,-0.001738117804459002,0.02327594662009368
0.0022,-0.0021,15.582313275551632,-0.001356499692659247,0.023058027653615504
0.0023,-0.0021,15.583702070698129,-0.0009468012280377243,0.022806524091968736
0.0024,-0.0021,15.583677337049291,-0.0005146753002512662,0.022525037048386366
0.0025,-0.0021,15.58220452544617,-6.57762327822141e-05,0.022215726808446884
0.0026,-0.0021,15.579293099119226,0.0003952891057572186,0.021882645597543722
0.0027,-0.0021,15.575038584762368,0.0008650853246902992,0.021531080102591672
0.0028,-0.0021,15.569461388987005,0.001340650251192952,0.021163766367028814
0.0029,-0.0021,15.562591812888924,0.0018199522911773718,0.020783886590047568
0.003,-0.0021,15.554510369873897,0.002301164744696897,0.020395499422727746
0.0031,-0.0021,15.545246723777728,0.002782668733551791,0.020002104426964595
0.0032,-0.0021,15.534865927285958,0.0032641246852397865,0.01960667513252936
0.0033,-0.0021,15.523440240020015,0.00374695029731322,0.019211917851172194
0.0034,-0.0021,15.51096549293952,0.004231768782365311,0.018819447805145086
0.0035,-0.0021,15.497445729135965,0.00471855621016071,0.01843032293757984
0.0036,-0.0021,15.482960320750044,0.005207901698145254,0.018045304358272146
0.0037,-0.0021,15.467570715453453,0.005700619636543938,0.017664023641293516
0.0038,-0.0021,15.451332060921168,0.0061971618869690655,0.017285497838653394
0.0039,-0.0021,15.434253681797452,0.006697751208673967,0.016907975485585376
0.004,-0.0021,15.416317949674545,0.007202303186101426,0.016529433713828815
0.0041,-0.0021,15.397591484939353,0.0077103510280167355,0.016147924333202713
0.0042,-0.0021,15.378175391643891,0.008221339886746353,0.01576104028774279
0.0043,-0.0021,15.35816790899486,0.008734616439315081,0.015365869268791093
0.0044,-0.0021,15.337665964716802,0.009248997772588002,0.014959277671362835
0.0045,-0.0021,15.31675652039136,0.00976315671102479,0.014538115609603348
0.0046,-0.0021,15.295556492939104,0.010275554909555899,0.014099300801913583
0.0047,-0.0021,15.274205629306133,0.010784067753466004,0.013639833931095748
0.0048,-0.0021,15.25284154178719,0.01128667287301251,0.013156712610575872
0.0049,-0.0021,15.231637415464721,0.011781205415346253,0.012646981903326247
0.005,-0.0021,15.210777202896503,0.012264520005183533,0.01210793086495605
0.0051,-0.0021,15.190429067258512,0.012733773042851313,0.011536890280656279
0.0052,-0.0021,15.170789417533562,0.013186009822629961,0.010931264343158685
0.0053,-0.0021,15.152058509253019,0.013617365112649587,0.01028873248570498
0.0054,-0.0021,15.134443281742694,0.01402466263805641,0.009606865229634231
0.0055,-0.0021,15.118182197546462,0.014403694171265809,0.008883591203943322
0.0056,-0.0021,15.103481804982598,0.014749871244509258,0.0081171134205439
0.0057,-0.0021,15.090525683955008,0.015059373310632018,0.007305386816389402
0.0058,-0.0021,15.07952542958253,0.015327459820983554,0.006446769665788251
0.0059,-0.0021,15.070629259175487,0.01554967691009147,0.0055390150713075055
0.006,-0.0021,15.064041359870322,0.01572214033436624,0.004579702200704352
0.0061,-0.0021,15.06002264688857,0.015840079583277614,0.003567024404070724
0.0062,-0.0021,15.058658442375537,0.015898912107398022,0.0024981867822077334
0.0063,-0.0021,15.060078116960058,0.015894744733221087,0.0013701966506405004
0.0064,-0.0021,15.064480990614749,0.01582341502630845,0.00018030085317879204
0.0065,-0.0021,15.072016600914896,0.01568131693571348,-0.0010745501557545894
0.0066,-0.0021,15.082827568337743,0.015464460860620836,-0.002397579018094349
0.0067,-0.0021,15.0970358044074,0.015170272054193294,-0.00379118338373263
0.0068,-0.0021,15.114820727295257,0.014796583169046683,-0.005257396622110944
0.0069,-0.0021,15.136362769657552,0.014340224195339478,-0.006798702504374024
0.007,-0.0021,15.161781570757428,0.013799452529665746,-0.008416150477160426
0.0071,-0.0021,15.19121693438332,0.01317317074920378,-0.010109442362368654
0.0072,-0.0021,15.224823189878803,0.012460487831854909,-0.011877613303176087
0.0073,-0.0021,15.262727343561057,0.011661169316032288,-0.013718950807789246
0.0074,-0.0021,15.305028607503065,0.010775406737347122,-0.015631629078643267
0.0075,-0.0021,15.351793658384393,0.009803737335127571,-0.017614524443389623
0.0076,-0.0021,15.403034866691012,0.008747028179679813,-0.01966803926669416
0.0077,-0.0021,15.45870683938651,0.007606422768359905,-0.02179498423173035
0.0078,-0.0021,15.518707457265617,0.006383100606316252,-0.024000904105017953
0.0079,-0.0021,15.582857478091055,0.005079544764102564,-0.026294124318314613
0.008,-0.0021,15.650882370649859,0.003700961130769446,-0.028683184498019345
0.0081,-0.0021,15.72243542739145,0.0022550361451616346,-0.031173788250137204
0.0082,-0.0021,15.797150210049189,0.000757377423489942,-0.033764072343697674
0.0083,-0.0021,15.874498650488189,-0.0007626549355471035,-0.03643393441668833
0.0084,-0.0021,15.953799795639442,-0.002266541421199301,-0.039142758512641714
0.0085,-0.0021,16.03401728148749,-0.003710722699324897,-0.04183204390287261
0.0086,-0.0021,16.114843497794713,-0.005025761518606189,-0.04442206616581394
0.0087,-0.0021,16.194088836445427,-0.006161658746772533,-0.04681709703712186
0.0088,-0.0021,16.2727047270711,-0.007009695446699529,-0.04892122293662919
0.0089,-0.0021,16.339944256044863,-0.00768679552337541,-0.05064293513049874
0.009,-0.0021,16.430292203159244,-0.007785270251571035,-0.05186303324307311
0.0091,-0.0021,16.487021018780524,-0.008031128968482654,-0.05235301413678194
0.0092,-0.0021,16.508262861147262,-0.00705369415448035,-0.05211928068320551
0.0093,-0.0021,16.58933063140019,-0.007001915575563052,-0.0510348537627344
0.0094,-0.0021,16.57393092736806,-0.005727618503693698,-0.04931491125509601
0.0095,-0.0021,16.645798496108757,-0.004527773426110862,-0.04533152268850468
0.0096,-0.0021,16.672514037947252,-0.004053818694471204,-0.040032663390858786
0.0097,-0.0021,16.58836694981704,-0.002352798834381593,-0.033394714864351145
0.0098,-0.0021,16.594965287048556,-0.0016437475905272641,-0.023456485200612397
0.0099,-0.0021,16.569780038318584,-0.00045746024213360584,-0.012206034781278165
0.01,-0.0021,0.0,0.0,0.0
0.0,-0.002,0.0,0.0,0.0
0.0001,-0.002,15.474763372550322,-9.559591087369165e-05,0.0034040326352557195
0.0002,-0.002,15.468187612358262,-0.0002903110780322447,0.006569666031179361
0.0003,-0.002,15.460512721338455,-0.0005705175001962957,0.009462842766618127
0.0004,-0.002,15.45541398684685,-0.0009260098116433273,0.012059634629608806
0.0005,-0.002,15.45266926547981,-0.001321384586968444,0.014343373236359027
0.0006,-0.002,15.45241440822861,-0.0017374062899911072,0.016311700441884312
0.0007,-0.002,15.45460141051385,-0.002152894709058181,0.017974805143110482
0.0008,-0.002,15.459329188510734,-0.002542594748433837,0.019354368570416596
0.0009,-0.002,15.46606936703644,-0.0028868511462905202,0.02047875732343226
0.001,-0.002,15.47453572232489,-0.0031739492992333353,0.021377334918539204
0.0011,-0.002,15.484417467498133,-0.0033919945533444217,0.022080298771372374
0.0012,-0.002,15.495283394670631,-0.003534813672063437,0.022614986471954562
0.0013,-0.002,15.50671823943354,-0.0036013641128596003,0.023003734562709235
0.0014,-0.002,15.518328039960101,-0.003590091257182918,0.023268590506633307
0.0015,-0.002,15.529437693488603,-0.003509055371084834,0.023429182582780823
0.0016,-0.002,15.540607933647784,-0.0033625294182133766,0.02349782096793514
0.0017,-0.002,15.55123956003763,-0.003151246221676578,0.023487286808853064
0.0018,-0.002,15.56041271427613,-0.002884389263094124,0.02341026527010465
0.0019,-0.002,15.568542333061847,-0.0025670353867063215,0.023277248832051546
0.002,-0.002,15.575330919629126,-0.0022034419207211608,0.023098269073659024
0.0021,-0.002,15.58076929689624,-0.0017993344276134846,0.02288105381906902
0.0022,-0.002,15.584716384375568,-0.001359960877196348,0.022631465437396945
0.0023,-0.002,15.587126897457583,-0.000890395270690853,0.022353803881627013
0.0024,-0.002,15.5879845818877,-0.00039633728070355596,0.022051553724761568
0.0025,-0.002,15.587289662309974,0.0001168184151478964,0.021727131794349888
0.0026,-0.002,15.585040555233137,0.0006437744478417664,0.02138313006517258
0.0027,-0.002,15.581341544549566,0.0011809182495784126,0.02102342538474323
0.0028,-0.002,15.576213081821345,0.001725225854223261,0.020651286778091936
0.0029,-0.002,15.569641906403662,0.002273395844391725,0.020268983168119852
0.003,-0.002,15.56175484595012,0.0028234321607392195,0.01987940769866207
0.0031,-0.002,15.552643187576887,0.0033744192060646415,0.019485745116601335
0.0032,-0.002,15.542323949456346,0.003925226198391144,0.019090328248662126
0.0033,-0.002,15.530840107797372,0.004475210044691036,0.018695124105505445
0.0034,-0.002,15.518308803194579,0.005025267201370401,0.018301661419515235
0.0035,-0.002,15.50473269198773,0.005576364024604773,0.017910881567967357
0.0036,-0.002,15.490132925623596,0.006128528948536881,0.017523366069371493
0.0037,-0.002,15.474580887041745,0.0066819921109783405,0.01713907509058275
0.0038,-0.002,15.458122765630733,0.00723722954916243,0.016757570537481052
0.0039,-0.002,15.440848392915411,0.0077944447478249315,0.016377514635782933
0.004,-0.002,15.422815247874452,0.008353561700847797,0.01599673560024299
0.0041,-0.002,15.40405017747065,0.008914341234594458,0.015613023868258117
0.0042,-0.002,15.3845929746589,0.009476225234439624,0.015224115830033842
0.0043,-0.002,15.364534674147636,0.01003848842164857,0.014827697497321738
0.0044,-0.002,15.344012459531474,0.010600076988675641,0.014421317788393293
0.0045,-0.002,15.32314289871551,0.01115967219049966,0.01400202655863978
0.0046,-0.002,15.302055200222949,0.011715831274885076,0.013566873858514985
0.0047,-0.002,15.28087109627589,0.01226642224255176,0.013113085176142335
0.0048,-0.002,15.259721244693901,0.012809353196377164,0.012637838664182843
0.0049,-0.002,15.238783780333048,0.013342494022310795,0.01213854642086876
0.005,-0.002,15.21824040701003,0.013862707600502757,0.011612788534318531
0.0051,-0.002,15.198255192438797,0.01436718910185316,0.011058076548379404
0.0052,-0.002,15.17902407840148,0.014853034165062519,0.010472121116303816
0.0053,-0.002,15.16074174611185,0.01531638606745621,0.009852820656600264
0.0054,-0.002,15.143617971062435,0.01575424234659279,0.00919800004765706
0.0055,-0.002,15.127891735585271,0.01616250207188617,0.008505739984846453
0.0056,-0.002,15.113753916402572,0.016536808780558153,0.00777433640184622
0.0057,-0.002,15.101388150372472,0.016873527435220692,0.007002047233090679
0.0058,-0.002,15.090990951157641,0.01716833448929443,0.006187052615219271
0.0059,-0.002,15.08273479582752,0.017417342083489044,0.005327117990697407
0.006,-0.002,15.076827957132075,0.0176162989803436,0.004420105804656545
0.0061,-0.002,15.073481433349869,0.017760957357672823,0.003463933431212064
0.0062,-0.002,15.072828857160692,0.0178474195311229,0.002455790271911551
0.0063,-0.002,15.075016747119438,0.017871559498717427,0.0013926003819171634
0.0064,-0.002,15.080227152960129,0.017829448698611982,0.00027130161045459014
0.0065,-0.002,15.088626975216329,0.017717442345934274,-0.0009112139019414062
0.0066,-0.002,15.100385490124037,0.01753178312966324,-0.002158472627324063
0.0067,-0.002,15.115626955121781,0.017268582413792512,-0.0034734462831605734
0.0068,-0.002,15.134513237010461,0.016925776758682586,-0.004858233411965424
0.0069,-0.002,15.157275950268994,0.016500061480981577,-0.006315453967518128
0.007,-0.002,15.184053298919297,0.01598784835635546,-0.007846746739801761
0.0071,-0.002,15.214977079813846,0.015387574123397911,-0.00945231540032397
0.0072,-0.002,15.250211149517362,0.0146971167071924,-0.01113157513627967
0.0073,-0.002,15.289889182453086,0.013915060561702986,-0.012883355834376765
0.0074,-0.002,15.334122486638849,0.01304055373497299,-0.014706479565181564
0.0075,-0.002,15.382968940648986,0.012073239519811733,-0.016600151832337852
0.0076,-0.002,15.43644671259397,0.011013084524596184,-0.018565029639413158
0.0077,-0.002,15.494512362965533,0.009860608246786544,-0.020604241378386307
0.0078,-0.002,15.557036682539358,0.008616454330253556,-0.022723743129889614
0.0079,-0.002,15.623852575329837,0.00728175314546127,-0.024932972221569042
0.008,-0.002,15.694701064596305,0.005860272442583177,-0.027243627127855306
0.0081,-0.002,15.769221971908008,0.004358476249646843,-0.029665840131824977
0.0082,-0.002,15.847011160476605,0.002787675235788188,-0.032205721794438265
0.0083,-0.002,15.927593657299715,0.0011714342250523178,-0.03485612154445612
0.0084,-0.002,16.010434637917584,-0.0004512687787253753,-0.03758723745898352
0.0085,-0.002,16.094411017795867,-0.0020395572203720782,-0.040354876165681966
0.0086,-0.002,16.179010030546213,-0.0035313838743738497,-0.04308925198906608
0.0087,-0.002,16.26277633880009,-0.004866264808260086,-0.045700137919586166
0.0088,-0.002,16.3454099224777,-0.0059388836303854225,-0.04806635419171914
0.0089,-0.002,16.42120505194424,-0.0068145118160860135,-0.05009719790820905
0.009,-0.002,16.508370990974345,-0.007200459194136345,-0.05157674425115678
0.0091,-0.002,16.563545074825004,-0.007528248346826903,-0.052624482558950456
0.0092,-0.002,16.589391749526282,-0.0067045907122569946,-0.05277363577992124
0.0093,-0.002,16.661629870618327,-0.006917080152650981,-0.05195858596144693
0.0094,-0.002,16.655160283014038,-0.005502360910964602,-0.050678650643306254
0.0095,-0.002,16.696937133574973,-0.004458695737115376,-0.04672663592402911
0.0096,-0.002,16.71117649608247,-0.003911447924222921,-0.041242097710560054
0.0097,-0.002,16.68148102003429,-0.002504628675826269,-0.03462853649807558
0.0098,-0.002,16.702710718348474,-0.0018925989549280911,-0.02472222447005633
0.0099,-0.002,16.6727801991334,-0.00038317360317577126,-0.012997488283719869
0.01,-0.002,0.0,0.0,0.0
0.0,-0.0019,0.0,0.0,0.0
0.0001,-0.0019,15.451612118170603,-0.00011631085235987439,0.0035490658555398054
0.0002,-0.0019,15.443856479235649,-0.00034880241937792496,0.006833674809281349
0.0003,-0.0019,15.435244690233246,-0.0006854603070137636,0.009817332105524929
0.0004,-0.0019,15.42965409108589,-0.0011038208389458192,0.012474828322302355
0.0005,-0.0019,15.426999851012967,-0.0015629231626572734,0.014789499594516467
0.0006,-0.0019,15.42732779254509,-0.002037003691389161,0.016760988545557725
0.0007,-0.0019,15.43054900853378,-0.002504527123240712,0.01840419000121133
0.0008,-0.0019,15.436808358877247,-0.0029362758849338193,0.019743413833805647
0.0009,-0.0019,15.445345302051006,-0.0033096115754435813,0.020810119181126324
0.001,-0.0019,15.455791506120029,-0.0036150821638267737,0.021638215702563593
0.0011,-0.0019,15.467781966227715,-0.0038421373007222503,0.022263034870688588
0.0012,-0.0019,15.480958049896637,-0.003983001850867227,0.022716736571027532
0.0013,-0.0019,15.495381685830942,-0.0040358172400004845,0.023024176294082967
0.0014,-0.0019,15.509368447937115,-0.003999748183131377,0.02321019685587202
0.0015,-0.0019,15.522202413853107,-0.0038864156481350043,0.023295407089559485
0.0016,-0.0019,15.535175061891353,-0.0037014681627396315,0.023295277403428596
0.0017,-0.0019,15.547380042895968,-0.0034431092412264422,0.023223126445496126
0.0018,-0.0019,15.55829058068185,-0.003123989697001574,0.023089717967819966
0.0019,-0.0019,15.56807310877028,-0.0027513091361513107,0.022906644345223978
0.002,-0.0019,15.576356690403522,-0.0023287884219027697,0.022683217507129365
0.0021,-0.0019,15.583122983309776,-0.0018637154175468835,0.022426968961453336
0.0022,-0.0019,15.588248014912567,-0.0013615823876469563,0.022143825455347852
0.0023,-0.0019,15.591702492961495,-0.0008276506985837708,0.0218381200696829
0.0024,-0.0019,15.59347240463355,-0.0002677613683412204,0.021513161413470684
0.0025,-0.0019,15.59355593120496,0.00031295946607329,0.02117151377788168
0.0026,-0.0019,15.591978746112066,0.0009092090478384105,0.020815065482306327
0.0027,-0.0019,15.588828255665673,0.0015166124091163437,0.02044640378563497
0.0028,-0.0019,15.584130650019144,0.002132064052251601,0.020068736955761633
0.0029,-0.0019,15.577915032464661,0.0027525148717105537,0.01968366593512793
0.003,-0.0019,15.570266051305403,0.0033750811593202387,0.01929256634365697
0.0031,-0.0019,15.56127699016976,0.003998050939803107,0.018898230404710614
0.0032,-0.0019,15.551007787478554,0.004621024287801208,0.018503419322328928
0.0033,-0.0019,15.53951317052928,0.00524266653907865,0.018109384584083538
0.0034,-0.0019,15.526920774561528,0.005862663869897332,0.01771662381479408
0.0035,-0.0019,15.513253577840713,0.006481900830764648,0.017326034132703134
0.0036,-0.0019,15.498558496623094,0.007100706763567763,0.016938102099520607
0.0037,-0.0019,15.48290105025121,0.007719439631116561,0.01655288226732176
0.0038,-0.0019,15.466301434259531,0.008337815970166449,0.016170069655045236
0.0039,-0.0019,15.448842433215798,0.008955813552372995,0.01578881514310777
0.004,-0.0019,15.430613791552993,0.00957330568075838,0.01540756100271765
0.0041,-0.0019,15.411711207250967,0.010190151850231742,0.015024128947111798
0.0042,-0.0019,15.39221493016494,0.010805905919194506,0.01463606116187819
0.0043,-0.0019,15.37217533834444,0.011419939847395477,0.014240849957050954
0.0044,-0.0019,15.35166375884579,0.012031158975502236,0.013836363585578644
0.0045,-0.0019,15.330819179570147,0.012638072469045213,0.013420437150903453
0.0046,-0.0019,15.309802220546025,0.01323942517895085,0.012990754738207998
0.0047,-0.0019,15.288744578568705,0.013833044154050823,0.012544608276269265
0.0048,-0.0019,15.267796277710282,0.014416872723675322,0.01207924991290047
0.0049,-0.0019,15.247111233827333,0.014988758965696278,0.011592373049001554
0.005,-0.0019,15.226860565749398,0.015545683185354965,0.011081786680883898
0.0051,-0.0019,15.20721628597991,0.016084835242906527,0.010545223049304473
0.0052,-0.0019,15.188367697831398,0.016603397665315916,0.009980675205431513
0.0053,-0.0019,15.170507223373074,0.017097727826219235,0.009386241669698517
0.0054,-0.0019,15.153847419130802,0.017564936569822696,0.008759865097818419
0.0055,-0.0019,15.13862222941287,0.018001175785614738,0.008099824526648852
0.0056,-0.0019,15.125014502052307,0.018402331825120306,0.007404558785023663
0.0057,-0.0019,15.113201548478413,0.018765013231106797,0.006672395817143585
0.0058,-0.0019,15.103379358023995,0.019085410748649074,0.0059013719346113006
0.0059,-0.0019,15.095740263683584,0.019359877523658704,0.005089404979944182
0.006,-0.0019,15.090485560886682,0.01958436391293692,0.0042344857128141615
0.0061,-0.0019,15.087804518663768,0.019755026306341537,0.0033342586698223734
0.0062,-0.0019,15.087864102419141,0.019868159212200025,0.0023859642846948284
0.0063,-0.0019,15.090824735580634,0.019919866216289363,0.001386591022852554
0.0064,-0.0019,15.096862640853784,0.019906365800298628,0.0003329304063646092
0.0065,-0.0019,15.10615085049466,0.019823714549762284,-0.0007781941647082315
0.0066,-0.0019,15.118884000381634,0.019668611687355578,-0.0019501853951964818
0.0067,-0.0019,15.13520283508941,0.019435759678268487,-0.0031864953654219
0.0068,-0.0019,15.15525466865027,0.01912292279199661,-0.004489470191269028
0.0069,-0.0019,15.17930618684619,0.018726888723460837,-0.005861478941117216
0.007,-0.0019,15.207516049598881,0.018242346844534123,-0.007304446823564343
0.0071,-0.0019,15.240013348259282,0.017667168204270153,-0.008819041088190855
0.0072,-0.0019,15.276975085779375,0.01699814818785617,-0.010405230384956835
0.0073,-0.0019,15.31854198751,0.016232921159694734,-0.012062321176158745
0.0074,-0.0019,15.364835473407078,0.015369549139908215,-0.013789586823051076
0.0075,-0.0019,15.415922522869067,0.014406916342886059,-0.015586905711383473
0.0076,-0.0019,15.471808778728946,0.013344415310768208,-0.017455363531236986
0.0077,-0.0019,15.532454269235954,0.012181742519010682,-0.019398346642183963
0.0078,-0.0019,15.597749866035379,0.010919044343892794,-0.021422450954900675
0.0079,-0.0019,15.667514973847018,0.009557124759423698,-0.023537643148005657
0.008,-0.0019,15.741493754048426,0.008097826778284483,-0.02575759539581998
0.0081,-0.0019,15.819336870100424,0.006545537324200134,-0.02809679749438242
0.0082,-0.0019,15.900655020702862,0.004909695352462559,-0.030568812991890595
0.0083,-0.0019,15.98493455984664,0.0032073867760600613,-0.03317833193714442
0.0084,-0.0019,16.071665634350865,0.0014725543886864633,-0.03590696276232437
0.0085,-0.0019,16.160085768683828,-0.0002519357091991699,-0.03872200933196016
0.0086,-0.0019,16.249080551733854,-0.0019126410141073321,-0.041568701622163466
0.0087,-0.0019,16.338145390163806,-0.0034405409747370313,-0.04436805174413017
0.0088,-0.0019,16.425405618978132,-0.004748425573818667,-0.046992617910393664
0.0089,-0.0019,16.509750272121185,-0.005774777051787384,-0.049337883870327094
0.009,-0.0019,16.579801819601453,-0.006473143759109146,-0.05117949506765736
0.0091,-0.0019,16.65530942817899,-0.006842779749996581,-0.052637022652667814
0.0092,-0.0019,16.757516546855385,-0.006725233743689201,-0.052993147879620575
0.0093,-0.0019,16.770515712417257,-0.006682104214533763,-0.05268530521714728
0.0094,-0.0019,16.793728992148257,-0.00540099596378002,-0.05173397707286207
0.0095,-0.0019,16.849708374086273,-0.004848468319235104,-0.048375345351855885
0.0096,-0.0019,16.796013354947153,-0.003510996890527531,-0.04323886506096201
0.0097,-0.0019,16.815260357398078,-0.0024506913452979474,-0.035882534345008335
0.0098,-0.0019,16.836187650630208,-0.0018757035440733283,-0.02579122717890156
0.0099,-0.0019,16.79466251930255,-0.00027652449850516656,-0.01380947268001267
0.01,-0.0019,0.0,0.0,0.0
0.0,-0.0018,0.0,0.0,0.0
0.0001,-0.0018,15.42611002900785,-0.000144236500537727,0.0037264546989492723
0.0002,-0.0018,15.417209619054201,-0.00042261790401980365,0.007152582400273824
0.0003,-0.0018,15.407366360382142,-0.0008236909792868479,0.010239100852622645
0.0004,-0.0018,15.401146010765235,-0.0013182138131817003,0.012960350044831634
0.0005,-0.0018,15.39866879144111,-0.0018518674735176252,0.015302369033061057
0.0006,-0.0018,15.39984745559352,-0.002393383434112352,0.01726858869896275
0.0007,-0.0018,15.404414229843463,-0.0029180245428866505,0.01888041155820622
0.0008,-0.0018,15.412544824731432,-0.003393505503220596,0.020166879372868072
0.0009,-0.0018,15.423261520511556,-0.0037951355875878072,0.02116317644950443
0.001,-0.0018,15.436211094375285,-0.004115179738646857,0.021908967817589102
0.0011,-0.0018,15.450802681051288,-0.0043437743744142695,0.022445167807188672
0.0012,-0.0018,15.466128354896387,-0.0044736858710867945,0.022804891040589307
0.0013,-0.0018,15.482471877078327,-0.004505362994267374,0.023022179506313783
0.0014,-0.0018,15.4990065869599,-0.004441659941586802,0.023121908425596374
0.0015,-0.0018,15.514700732913058,-0.0042897497074670075,0.02312243414456183
0.0016,-0.0018,15.530030666792475,-0.00405557809134662,0.023045894882346454
0.0017,-0.0018,15.544367059278139,-0.003742786315607501,0.022905130735407286
0.0018,-0.0018,15.557236089547185,-0.003364180167416915,0.02271118202188395
0.0019,-0.0018,15.568695234368091,-0.002928290311293406,0.022474796166136343
0.002,-0.0018,15.578495247048103,-0.002439632518036107,0.02220454386195359
0.0021,-0.0018,15.586617417498454,-0.0019066310153269986,0.021907559088529892
0.0022,-0.0018,15.592940235420079,-0.001335184380561703,0.021589461295293846
0.0023,-0.0018,15.597443835875254,-0.0007308918415393339,0.021254440017372745
0.0024,-0.0018,15.600124462989848,-9.963965234133145e-05,0.02090562389029378
0.0025,-0.0018,15.600982345275074,0.0005533428949256111,0.020545244279611644
0.0026,-0.0018,15.600102455099803,0.0012231568545271044,0.020175039116981274
0.0027,-0.0018,15.597493860292689,0.0019052230942771028,0.019796694937038773
0.0028,-0.0018,15.593175015452092,0.002595539129012209,0.01941226574308145
0.0029,-0.0018,15.587300621514377,0.003291035449570284,0.01902385551169576
0.003,-0.0018,15.579943333450624,0.003989564149961467,0.018632327059042136
0.0031,-0.0018,15.57114508820717,0.0046891797731809445,0.01823815720667571
0.0032,-0.0018,15.56085943862477,0.005387325773831035,0.017843590383513352
0.0033,-0.0018,15.549330650861908,0.00608276825332633,0.01745049098633141
0.0034,-0.0018,15.536755593456185,0.006777047119667978,0.017059537643523297
0.0035,-0.0018,15.522984796075763,0.007469329477341314,0.016671128547954
0.0036,-0.0018,15.508186711084237,0.00815845576994231,0.016284847905096784
0.0037,-0.0018,15.492440335046389,0.008845947347055027,0.01590110398538164
0.0038,-0.0018,15.475713180512098,0.009531150320634393,0.01551972578019923
0.0039,-0.0018,15.45811137874692,0.010213241628833615,0.01513968133957462
0.004,-0.0018,15.439725749703808,0.010892083977788737,0.014759793470063752
0.0041,-0.0018,15.420658888308623,0.011567632855911636,0.014378256610236813
0.0042,-0.0018,15.40102086753181,0.012239523339272747,0.013993129879333148
0.0043,-0.0018,15.38093023635284,0.012907060528752153,0.01360210761910933
0.0044,-0.0018,15.360473500839184,0.013569309848469567,0.013202787968348487
0.0045,-0.0018,15.339720631618865,0.014224875695278893,0.01279297613850131
0.0046,-0.0018,15.318771259381707,0.014872107345571452,0.012370718092600215
0.0047,-0.0018,15.297812235746429,0.015508997027201939,0.011934003477617007
0.0048,-0.0018,15.277019103130426,0.016133574243319734,0.011480775050275954
0.0049,-0.0018,15.256543392738033,0.016743586456754424,0.01100872654146526
0.005,-0.0018,15.236563299541883,0.0173365208704025,0.010515547607445143
0.0051,-0.0018,15.21723552353055,0.017909361904231036,0.009999211127426763
0.0052,-0.0018,15.198739566054906,0.018459389163213925,0.009458005043515297
0.0053,-0.0018,15.181270183655272,0.018983527497118385,0.008890142640240089
0.0054,-0.0018,15.165044625871834,0.019478834280272438,0.00829371927475769
0.0055,-0.0018,15.150286311331183,0.01994176518492074,0.0076671860327767885
0.0056,-0.0018,15.13717398750035,0.020368577199112312,0.007009028585769692
0.0057,-0.0018,15.12588317733497,0.020756236520983816,0.006317502240033588
0.0058,-0.0018,15.116615027352703,0.021101300544977344,0.005590700867013729
0.0059,-0.0018,15.109568586832575,0.021400270674432377,0.0048266953094695305
0.006,-0.0018,15.104938574247736,0.02164959067649902,0.004023454475331169
0.0061,-0.0018,15.102916710847524,0.021845653112041372,0.0031785932608683616
0.0062,-0.0018,15.103689343259658,0.021984835011498297,0.002289379522210616
0.0063,-0.0018,15.107425147515391,0.022063392620432734,0.001352903983991404
0.0064,-0.0018,15.114305492523503,0.022077625752980168,0.0003660312832264319
0.0065,-0.0018,15.124509512969214,0.022023242630686723,-0.0006744536481943183
0.0066,-0.0018,15.13824792426558,0.02189726087234925,-0.001771637529398816
0.0067,-0.0018,15.15567984539804,0.02169343940461407,-0.002929199485321254
0.0068,-0.0018,15.17695356892861,0.021408964076354637,-0.004149770317901879
0.0069,-0.0018,15.202351990515165,0.02104049045500393,-0.005435228089421351
0.007,-0.0018,15.232056320118279,0.020581543170935586,-0.006787719593255447
0.0071,-0.0018,15.26620248626919,0.020029390006369826,-0.00820837492697967
0.0072,-0.0018,15.30497916041201,0.019379930689936424,-0.00969756349086695
0.0073,-0.0018,15.348532703357915,0.01863003451075882,-0.01125508286344768
0.0074,-0.0018,15.396985765259103,0.017776930282898236,-0.012880699703579053
0.0075,-0.0018,15.450424214109088,0.01681857485076814,-0.014574945594772733
0.0076,-0.0018,15.508872415002047,0.01575385993530181,-0.01633984363704435
0.0077,-0.0018,15.572280652635476,0.01458239279991948,-0.018179179076773782
0.0078,-0.0018,15.64053866104257,0.013303336544740273,-0.020099692724422948
0.0079,-0.0018,15.713503393068583,0.011917353949810465,-0.02211189986734051
0.008,-0.0018,15.79090993929088,0.010425192189149609,-0.024230473235255765
0.0081,-0.0018,15.872418763482905,0.008828535462883532,-0.02647382664018981
0.0082,-0.0018,15.95770221692868,0.007134414443451722,-0.02886075348221192
0.0083,-0.0018,16.046249645983334,0.005355534186447801,-0.031407028497567435
0.0084,-0.0018,16.137400363171732,0.003518628271082362,-0.034109058994688204
0.0085,-0.0018,16.230688877301397,0.0016647291064686891,-0.03694143179886866
0.0086,-0.0018,16.324747639753397,-0.00015837828955801063,-0.03986701090273881
0.0087,-0.0018,16.419497701223133,-0.00187553305732289,-0.04282146052183827
0.0088,-0.0018,16.511704984612667,-0.0034211641987345848,-0.04568943126499676
0.0089,-0.0018,16.603008016020535,-0.004660968547849366,-0.048346337162540234
0.009,-0.0018,16.6745529895071,-0.005657235420119002,-0.05059992542919895
0.0091,-0.0018,16.774353511159237,-0.006107664000113865,-0.05228521813093079
0.0092,-0.0018,16.850492942430208,-0.00640599553370805,-0.05281599080650703
0.0093,-0.0018,16.815892597298074,-0.006171415209275943,-0.05321316367769056
0.0094,-0.0018,16.994014890980896,-0.005802135014243041,-0.05201805056642306
0.0095,-0.0018,17.042271089535536,-0.005229703944030241,-0.04894879956868722
0.0096,-0.0018,16.914758948299998,-0.003487112223114673,-0.04482943009537228
0.0097,-0.0018,16.977276030979603,-0.0026662887537441285,-0.037105727163690344
0.0098,-0.0018,16.972548939413265,-0.0016011531036266343,-0.02674429867298308
0.0099,-0.0018,16.938647550716414,-0.0003518200696242667,-0.014521342273816788
0.01,-0.0018,0.0,0.0,0.0
0.0,-0.0017,0.0,0.0,0.0
0.0001,-0.0017,15.397600518110782,-0.00017579373237085972,0.003941390029987325
0.0002,-0.0017,15.387380291550663,-0.0005087375788175455,0.00753512771519278
0.0003,-0.0017,15.376044196843205,-0.000987313721631911,0.010738244410037111
0.0004,-0.0017,15.369202801389077,-0.0015723604335690874,0.013526946981471088
0.0005,-0.0017,15.367127403933715,-0.0021905996025972365,0.0158928452540076
0.0006,-0.0017,15.36949381650518,-0.002806939816230774,0.0178456799667224
0.0007,-0.0017,15.375909137125348,-0.0033933942942581084,0.01941281547912875
0.0008,-0.0017,15.386375777050777,-0.003914308649419888,0.02063017304776569
0.0009,-0.0017,15.399851649983656,-0.0043430525946381955,0.021539261178954557
0.001,-0.0017,15.415742582784825,-0.004671061248048408,0.022185268025192845
0.0011,-0.0017,15.432972129312676,-0.004889386511576803,0.02261722094369197
0.0012,-0.0017,15.451914915849807,-0.004999336612387811,0.022872653024486357
0.0013,-0.0017,15.470758979051153,-0.005002254099647647,0.02298495177277996
0.0014,-0.0017,15.489379293062143,-0.0048973253467844225,0.022985129311947558
0.0015,-0.0017,15.508341317835646,-0.004692763598113509,0.022896107667463857
0.0016,-0.0017,15.525958185643987,-0.004398463311962471,0.022738175116937483
0.0017,-0.0017,15.542360818056602,-0.0040217805364625835,0.022524495033519602
0.0018,-0.0017,15.557244888667956,-0.0035742795886531697,0.022266015966069055
0.0019,-0.0017,15.570421763029945,-0.0030653079210756318,0.02197335268076678
0.002,-0.0017,15.58176995863348,-0.0025013322217031903,0.02165423127929219
0.0021,-0.0017,15.591264352738946,-0.0018916034847664457,0.0213151270846256
0.0022,-0.0017,15.598792519772976,-0.0012425766383728442,0.02096119827545219
0.0023,-0.0017,15.604348725057836,-0.0005602270573284176,0.020596246830571024
0.0024,-0.0017,15.607920858464851,0.0001493443553873858,0.020222895407845675
0.0025,-0.0017,15.609571236401303,0.0008808985605860105,0.019843119896471247
0.0026,-0.0017,15.609351757808518,0.0016297711249823712,0.01945862942756607
0.0027,-0.0017,15.607243298656922,0.0023911902574740634,0.01907039343588802
0.0028,-0.0017,15.603348454218155,0.003160911291984593,0.018679070645115172
0.0029,-0.0017,15.597791428838468,0.003935846179062952,0.01828628623182312
0.003,-0.0017,15.590637192768801,0.004713423148444551,0.017893315886641864
0.0031,-0.0017,15.58200568894176,0.005492359258301431,0.017500657500855814
0.0032,-0.0017,15.571814184892105,0.0062694071234935065,0.017108220163512843
0.0033,-0.0017,15.560314129415959,0.007042390485952494,0.016716414303295075
0.0034,-0.0017,15.547710839237423,0.007813250120789947,0.016327286843906486
0.0035,-0.0017,15.533836535758546,0.00858075060192872,0.015942013189766666
0.0036,-0.0017,15.518997587541548,0.009343590217345828,0.015559686750616353
0.0037,-0.0017,15.503145740277732,0.010102633121986223,0.015180148478016811
0.0038,-0.0017,15.486237963166937,0.010856360318424968,0.014803407446116155
0.0039,-0.0017,15.46849447885952,0.011603853733419316,0.014427831263957554
0.004,-0.0017,15.449976986159392,0.012345372804169362,0.014052092377230272
0.0041,-0.0017,15.430803386416038,0.01308073494372793,0.013674820341155533
0.0042,-0.0017,15.41105605214293,0.013809617732520315,0.013294546391342477
0.0043,-0.0017,15.390853130872225,0.014531276038928436,0.012909733767108031
0.0044,-0.0017,15.370329937758775,0.01524473067997661,0.012518423046766947
0.0045,-0.0017,15.349609273479633,0.015948632408919392,0.012118276856493856
0.0046,-0.0017,15.328797816366231,0.01664118803473505,0.011707062875285045
0.0047,-0.0017,15.308006812349994,0.01732084908424918,0.011282864766776195
0.0048,-0.0017,15.287347925608412,0.017985272242916246,0.01084390862127302
0.0049,-0.0017,15.267025647276084,0.01863213657147511,0.010388553899947568
0.005,-0.0017,15.24726099674518,0.019259659500709857,0.009915002965549107
0.0051,-0.0017,15.228220173050106,0.019864768654750287,0.009421280058559118
0.0052,-0.0017,15.210053334736383,0.020444915985687387,0.008905476770690791
0.0053,-0.0017,15.192941379672737,0.020997591490109414,0.008365839585742961
0.0054,-0.0017,15.177118081718104,0.02151978942828956,0.007800787830728016
0.0055,-0.0017,15.162795307510025,0.022008308371345688,0.007208888036416415
0.0056,-0.0017,15.15014502936438,0.02245989931383444,0.006588630962542549
0.0057,-0.0017,15.139348981640476,0.022871756869364244,0.005938274144735201
0.0058,-0.0017,15.130613946963834,0.023240794461306162,0.005255918968969393
0.0059,-0.0017,15.124140659494433,0.023563672851239878,0.004539715849917125
0.006,-0.0017,15.120121262516017,0.02383718716794376,0.0037876931808635116
0.0061,-0.0017,15.118751036570389,0.024057955360659015,0.002997597696322472
0.0062,-0.0017,15.120231106625257,0.024222418863221865,0.0021668385122712392
0.0063,-0.0017,15.124746974508616,0.0243267851173891,0.001292556053604132
0.0064,-0.0017,15.132480795080598,0.024367350449403354,0.00037184631035302616
0.0065,-0.0017,15.143623190065389,0.02433958068627511,-0.0005986233145030068
0.0066,-0.0017,15.158394358252691,0.02424002136295037,-0.0016214669725693922
0.0067,-0.0017,15.176964122116459,0.024062825862593597,-0.0026997002360713354
0.0068,-0.0017,15.1995066024291,0.023804117333884222,-0.003836626051940375
0.0069,-0.0017,15.226305133289674,0.023459710962699817,-0.005034080274828812
0.007,-0.0017,15.257554781500184,0.023023188884162372,-0.006293965176285855
0.0071,-0.0017,15.293409707870183,0.022490923324724542,-0.007617772730428624
0.0072,-0.0017,15.334061614738307,0.021858219767493924,-0.00900619780920922
0.0073,-0.0017,15.379671467225975,0.021121237805352425,-0.010459670600138296
0.0074,-0.0017,15.430373955264395,0.020276697763295774,-0.011978673006386449
0.0075,-0.0017,15.486258594248918,0.0193220250397097,-0.013564324948196881
0.0076,-0.0017,15.547372626315271,0.018255238813005264,-0.015219306215333855
0.0077,-0.0017,15.613688478216309,0.01707582562303307,-0.016948320171195873
0.0078,-0.0017,15.685095491466944,0.015782702051780464,-0.01875858059317693
0.0079,-0.0017,15.761463985458823,0.014375734603787771,-0.020660382653482516
0.008,-0.0017,15.842553323630838,0.012855098534859078,-0.022668679527705318
0.0081,-0.0017,15.928072140310578,0.011220812427253236,-0.024804620403156445
0.0082,-0.0017,16.01767512834409,0.009476557030900027,-0.027090354309885465
0.0083,-0.0017,16.110911056703703,0.007629977646650383,-0.029550363383263705
0.0084,-0.0017,16.20716107699632,0.0057015256236600444,-0.0321987139000876
0.0085,-0.0017,16.30582478214926,0.003727015094105129,-0.035020186430348516
0.0086,-0.0017,16.405690601464173,0.001748182107778837,-0.037991745616766534
0.0087,-0.0017,16.506565960801247,-0.0001584932150302124,-0.04106433693980025
0.0088,-0.0017,16.605158308796288,-0.0019360278938383231,-0.0441401237492994
0.0089,-0.0017,16.70327412517017,-0.0034514945150962836,-0.0470819654027043
0.009,-0.0017,16.791706085006155,-0.00472972646789817,-0.04971578486564703
0.0091,-0.0017,16.887291483693705,-0.005412149747851687,-0.05177704780473871
0.0092,-0.0017,16.910402516407697,-0.0060694412827210446,-0.0530373682840103
0.0093,-0.0017,16.97405383454374,-0.005723280958226481,-0.05381460956190864
0.0094,-0.0017,17.19968858470905,-0.005848177949625751,-0.05175727416463126
0.0095,-0.0017,17.093923833591532,-0.005020513169150281,-0.04915455442775125
0.0096,-0.0017,17.05392601223125,-0.004088254810529127,-0.04593160950913128
0.0097,-0.0017,17.172408355499282,-0.0032243483434179973,-0.03836094778236285
0.0098,-0.0017,17.103191472542076,-0.001149423939005662,-0.028004451596097803
0.0099,-0.0017,17.099277679726193,-0.0005249478050752562,-0.01514522892103573
0.01,-0.0017,0.0,0.0,0.0
0.0,-0.0016,0.0,0.0,0.0
0.0001,-0.0016,15.365083628897855,-0.00021150660701465922,0.004201383811484145
0.0002,-0.0016,15.353298435908725,-0.0006147406750957425,0.007992146872386563
0.0003,-0.0016,15.3404744284808,-0.001187318884164015,0.01132994016012828
0.0004,-0.0016,15.333062423496829,-0.0018772101681235828,0.0141881262942968
0.0005,-0.0016,15.331604227478268,-0.002587005033266849,0.016569360818477836
0.0006,-0.0016,15.335556702961059,-0.003280486700502164,0.018492228962085064
0.0007,-0.0016,15.344198963573017,-0.003930827895800784,0.019993672033544838
0.0008,-0.0016,15.357547583406973,-0.004492630955469932,0.021122826580977618
0.0009,-0.0016,15.374094165395084,-0.004943478401097039,0.021928011636709467
0.001,-0.0016,15.393618204145586,-0.005271200056654001,0.022456495833985627
0.0011,-0.0016,15.414633817247067,-0.005467663638328769,0.02276621245227341
0.0012,-0.0016,15.436776906012165,-0.005545895754296931,0.02290816542230302
0.0013,-0.0016,15.459442033996334,-0.005502179505633465,0.022908353924062097
0.0014,-0.0016,15.48143391502282,-0.005335347789924514,0.022797412943625316
0.0015,-0.0016,15.502648951179003,-0.0050628285977444365,0.02260970355733668
0.0016,-0.0016,15.522684985809082,-0.004695391754781635,0.022362779511601472
0.0017,-0.0016,15.541368392152691,-0.0042408273935707974,0.022070121378423554
0.0018,-0.0016,15.558302003520334,-0.003711299389345833,0.021743267045174968
0.0019,-0.0016,15.57327385193177,-0.0031173352607419065,0.021391658094213707
0.002,-0.0016,15.586212808474981,-0.002466615023163357,0.021022154436897134
0.0021,-0.0016,15.597103624604722,-0.001769382678745521,0.020640313186353693
0.0022,-0.0016,15.6058360505647,-0.001032695623787167,0.020250369276582157
0.0023,-0.0016,15.612408772983317,-0.00026319306558935524,0.019855370007456838
0.0024,-0.0016,15.616880770901325,0.0005329194748193216,0.019457647177228376
0.0025,-0.0016,15.619285292559123,0.001350516532630036,0.019059044071683164
0.0026,-0.0016,15.619632292444987,0.002184649591908201,0.018660479780768922
0.0027,-0.0016,15.618012238825875,0.0030304778769899995,0.018262148399702527
0.0028,-0.0016,15.614525273707251,0.0038840309213051503,0.017864163430894604
0.0029,-0.0016,15.609281787391279,0.0047424170443253495,0.01746792657099354
0.003,-0.0016,15.602349793716199,0.005602721139285464,0.017073870394122042
0.0031,-0.0016,15.593774421252679,0.006462828262008288,0.016681826789535573
0.0032,-0.0016,15.58373851339672,0.007320251425236051,0.01629178648957739
0.0033,-0.0016,15.572398603536346,0.008173633716306307,0.01590421443499143
0.0034,-0.0016,15.559753856326145,0.009023318889028778,0.015520030652453495
0.0035,-0.0016,15.545817018150107,0.009866203898646323,0.015138531718211494
0.0036,-0.0016,15.530945636159194,0.010703026337148263,0.014761210358817533
0.0037,-0.0016,15.51495984428862,0.011534962319610011,0.014389041504398407
0.0038,-0.0016,15.49775410134528,0.012356763242857102,0.014020219239564147
0.0039,-0.0016,15.479833330926516,0.013168004619356482,0.013652245235756958
0.004,-0.0016,15.461242731741484,0.013971285606043429,0.0132838929347908
0.0041,-0.0016,15.441982707947279,0.014765910459208383,0.012914171794860907
0.0042,-0.0016,15.42217216519697,0.015551031781575516,0.012541670299745148
0.0043,-0.0016,15.401904847248241,0.01632591503622894,0.012165334247552149
0.0044,-0.0016,15.381305018744936,0.01708937758560536,0.011783951201643652
0.0045,-0.0016,15.360527591220665,0.017840138590829713,0.01139588304517749
0.0046,-0.0016,15.33972545149056,0.018576467308955527,0.010999094405092986
0.0047,-0.0016,15.319036430972691,0.019296831059765474,0.010591298141430503
0.0048,-0.0016,15.298594525221338,0.01999922521582977,0.010170266537991671
0.0049,-0.0016,15.278515261485722,0.020681617251540465,0.009734444043779437
0.005,-0.0016,15.258937791300303,0.021342064648709587,0.009282378128011089
0.0051,-0.0016,15.24009714369739,0.021977818617813956,0.008812808478835385
0.0052,-0.0016,15.22219973605477,0.02258663773239155,0.008324145839412262
0.0053,-0.0016,15.205423357314606,0.023166533542960336,0.007814521267250341
0.0054,-0.0016,15.189979028414912,0.023714674435697972,0.007282237320432372
0.0055,-0.0016,15.176060180197952,0.02422790708632843,0.006725938711509389
0.0056,-0.0016,15.163842158081794,0.02470355707788538,0.006144214613735222
0.0057,-0.0016,15.153517826277781,0.025139034985514907,0.0055353601414767665
0.0058,-0.0016,15.145296954834787,0.025531391344929273,0.0048976136963087185
0.0059,-0.0016,15.139381805055802,0.025877485106899453,0.004229160369981703
0.006,-0.0016,15.135965331743648,0.026174227711647135,0.003528082495674146
0.0061,-0.0016,15.135242528902799,0.026418420414809782,0.0027923268772029374
0.0062,-0.0016,15.137422660994394,0.026606553099505152,0.002019597665401567
0.0063,-0.0016,15.142718227645654,0.026734799282653737,0.00120717682959854
0.0064,-0.0016,15.151315125439506,0.026799051308794335,0.0003524851513619667
0.0065,-0.0016,15.163415183230876,0.026795291233943686,-0.000547493631393332
0.0066,-0.0016,15.179240436887504,0.02671850386843712,-0.0014954688143186132
0.0067,-0.0016,15.198964869596015,0.026563705290866515,-0.002493912342716645
0.0068,-0.0016,15.22280963093783,0.026326709911175597,-0.0035461978918263103
0.0069,-0.0016,15.25104569967693,0.02600180566549761,-0.004654218111336175
0.007,-0.0016,15.283867938369283,0.02558351630866573,-0.005819408789848703
0.0071,-0.0016,15.32146044341945,0.025067079015352444,-0.007043644860485513
0.0072,-0.0016,15.364024741127531,0.02444756924020964,-0.008328135448119427
0.0073,-0.0016,15.411735955508618,0.02372072397176704,-0.009673892549671242
0.0074,-0.0016,15.464740406765749,0.02288284273451642,-0.011082059057746488
0.0075,-0.0016,15.523147058412915,0.02193103838892346,-0.012554493162486467
0.0076,-0.0016,15.587009722707293,0.02086277939568213,-0.014094480801775193
0.0077,-0.0016,15.656341549144008,0.01967672144038805,-0.01570754245620336
0.0078,-0.0016,15.731066271181055,0.01837199288021875,-0.017401327734621296
0.0079,-0.0016,15.811032991844208,0.016947373704844858,-0.019186353903808767
0.008,-0.0016,15.896050325654265,0.015402289868473048,-0.02107749758660946
0.0081,-0.0016,15.9858734888633,0.013736169061742909,-0.023095957876928818
0.0082,-0.0016,16.080132270977455,0.011949399814275572,-0.025267214888703506
0.0083,-0.0016,16.178445847679853,0.01004549588476168,-0.027622086635287972
0.0084,-0.0016,16.280301241057256,0.008037098624414311,-0.030188168257620197
0.0085,-0.0016,16.385039374055804,0.0059535350187526,-0.03296637674065503
0.0086,-0.0016,16.49155733878999,0.0038300151712271184,-0.03594905404405924
0.0087,-0.0016,16.599262342215752,0.0017351212060877324,-0.03910087713632583
0.0088,-0.0016,16.7058549641449,-0.0002689581503097255,-0.04234043947894655
0.0089,-0.0016,16.81153802237776,-0.0020578303157483256,-0.045530431068837904
0.009,-0.0016,16.912098800349312,-0.003622773829505054,-0.048504119140200704
0.0091,-0.0016,17.005903418632418,-0.004651120504310942,-0.05101485074938056
0.0092,-0.0016,17.05911339055612,-0.005703247771890317,-0.05298764300692205
0.0093,-0.0016,17.222581512698394,-0.005452177900657844,-0.05362934765134905
0.0094,-0.0016,17.254141604011448,-0.005312503556141658,-0.05197326908904576
0.0095,-0.0016,17.090539882772724,-0.004347607331878962,-0.05070999970596349
0.0096,-0.0016,17.271736503957154,-0.0044731342902833236,-0.04704014285305485
0.0097,-0.0016,17.362848914757542,-0.003534972132956154,-0.039566194694912495
0.0098,-0.0016,17.25728453623354,-0.0007901283293166709,-0.029459419542221563
0.0099,-0.0016,17.269057349138567,-0.0005228415788475464,-0.015685645720664547
0.01,-0.0016,0.0,0.0,0.0
0.0,-0.0015,0.0,0.0,0.0
0.0001,-0.0015,15.327260328794347,-0.0002586640525240878,0.004511424510873745
0.0002,-0.0015,15.313849796387144,-0.0007492000655743152,0.008541629844449549
0.0003,-0.0015,15.299463232298512,-0.0014305243104877294,0.012032580654227352
0.0004,-0.0015,15.291731283814343,-0.0022378011322369716,0.014957834257839284
0.0005,-0.0015,15.291193760441145,-0.0030475217967926007,0.017338383016521207
0.0006,-0.0015,15.297459737452629,-0.0038250860746743155,0.019212128277967172
0.0007,-0.0015,15.309458279324913,-0.004537452331658751,0.020630528971679468
0.0008,-0.0015,15.326229901090795,-0.005131212251904291,0.021648383481772313
0.0009,-0.0015,15.345964169980022,-0.005589334233936196,0.02232300338615011
0.001,-0.0015,15.369818664038936,-0.005901518718378288,0.022722444212781235
0.0011,-0.0015,15.396026331511514,-0.00605903137836388,0.022892831930969037
0.0012,-0.0015,15.421466157530375,-0.00607502936719935,0.02288762386084805
0.0013,-0.0015,15.446936362552082,-0.005960188881455973,0.02276050486032782
0.0014,-0.0015,15.472963464946693,-0.005718085817626054,0.022536538363693806
0.0015,-0.0015,15.497552632347332,-0.005359313271747031,0.022243004389562844
0.0016,-0.0015,15.520362952049688,-0.004898517151507843,0.02190173930485976
0.0017,-0.0015,15.541467890076946,-0.004347955320858467,0.021526791152771604
0.0018,-0.0015,15.560532629614592,-0.003719877851297032,0.0211292241026598
0.0019,-0.0015,15.577346757687568,-0.003026277407813797,0.020717226166366273
0.002,-0.0015,15.591891281943827,-0.0022753663146730264,0.02029646620343733
0.0021,-0.0015,15.604131618317117,-0.0014784067967492415,0.019871559499881734
0.0022,-0.0015,15.6140520457462,-0.0006431103258940202,0.019446315559584353
0.0023,-0.0015,15.621642833143076,0.00022357992108221984,0.01902295222726754
0.0024,-0.0015,15.626952675023686,0.0011150976770178452,0.01860276067461815
0.0025,-0.0015,15.630017817146646,0.00202611158952112,0.018186426514016918
0.0026,-0.0015,15.630872700072912,0.002951675625620693,0.017774363026055735
0.0027,-0.0015,15.629719755792394,0.003886548871182396,0.01736763667762094
0.0028,-0.0015,15.626727458308318,0.00482814881291973,0.01696521532839393
0.0029,-0.0015,15.62167882257012,0.005773462874589979,0.016566265212357534
0.003,-0.0015,15.614875028729694,0.006717713005615827,0.01617110067002474
0.0031,-0.0015,15.606577418917011,0.007660673261287074,0.01577975895055439
0.0032,-0.0015,15.596722893312048,0.008599688979942472,0.01539404801397383
0.0033,-0.0015,15.585485346586145,0.009533183959029723,0.01501247715729638
0.0034,-0.0015,15.57273212538139,0.010460726754124662,0.014634629547650881
0.0035,-0.0015,15.558864934683735,0.011378521735132659,0.014261448352353765
0.0036,-0.0015,15.54385795818743,0.012287864017294207,0.013893602536915298
0.0037,-0.0015,15.527526371442864,0.013187940126736478,0.013531029692885978
0.0038,-0.0015,15.510143236012787,0.014074443748504955,0.01317137553831155
0.0039,-0.0015,15.492060570973882,0.014947742729016996,0.012813237360107713
0.004,-0.0015,15.473364620554124,0.015810045221781543,0.012455549819566819
0.0041,-0.0015,15.454026801319378,0.016661198374583196,0.0120969665649118
0.0042,-0.0015,15.434190735109215,0.017500420987868446,0.011736021394771552
0.0043,-0.0015,15.41389986742343,0.0183265172571734,0.011371777153618411
0.0044,-0.0015,15.393284651655911,0.019137824744102507,0.01100337958336604
0.0045,-0.0015,15.372477792797438,0.019933016624432927,0.010629606185262042
0.0046,-0.0015,15.351635532785084,0.02071058124888376,0.010248972237896345
0.0047,-0.0015,15.330941062566659,0.021469134711442496,0.009859673670023474
0.0048,-0.0015,15.310573288877597,0.0222071304963009,0.00945974647060236
0.0049,-0.0015,15.29067654901734,0.022922789567035345,0.009047084630861226
0.005,-0.0015,15.271386536521463,0.023614149557257668,0.008619737129610679
0.0051,-0.0015,15.252834901473847,0.02427925714921187,0.00817645790704726
0.0052,-0.0015,15.235173156508678,0.02491564293151685,0.007715950720129514
0.0053,-0.0015,15.218645282020821,0.02552140113313699,0.007237157926420631
0.0054,-0.0015,15.203525482081677,0.026094323285112114,0.006738747080063117
0.0055,-0.0015,15.189990772357943,0.02663129444742974,0.006219118047469314
0.0056,-0.0015,15.178185589230283,0.02713007928450919,0.005676582837911111
0.0057,-0.0015,15.168311956139918,0.02758814482739926,0.005109620353759107
0.0058,-0.0015,15.160585501705969,0.028002539736742063,0.004516763950280829
0.0059,-0.0015,15.155212166339764,0.028370319091357617,0.0038962828302985353
0.006,-0.0015,15.152391283794312,0.028688351994008675,0.0032463025714333828
0.0061,-0.0015,15.15231793561043,0.02895344472420555,0.0025649243975631227
0.0062,-0.0015,15.155196150650204,0.02916211665028881,0.0018501985181718292
0.0063,-0.0015,15.161262085873254,0.02931078684235364,0.0010999105028797179
0.0064,-0.0015,15.170724602405109,0.02939443615065297,0.0003114284705803918
0.0065,-0.0015,15.183797404689143,0.02941000546768053,-0.0005174145200225591
0.0066,-0.0015,15.200691832833034,0.029351117557864324,-0.0013894256259735943
0.0067,-0.0015,15.221580498634118,0.029213110494290713,-0.002307416341662192
0.0068,-0.0015,15.246733319900086,0.028992389931062283,-0.0032739384746709593
0.0069,-0.0015,15.276411218347029,0.02868168948564946,-0.004290806056262941
0.007,-0.0015,15.31081024059817,0.028276458386535225,-0.005359436712547055
0.0071,-0.0015,15.350149551251246,0.02777131522144744,-0.006482044878578676
0.0072,-0.0015,15.394638155789346,0.027161307927954834,-0.007660226466331485
0.0073,-0.0015,15.444466444223709,0.026441922642998293,-0.008895550020132825
0.0074,-0.0015,15.499797001013313,0.02560923781590616,-0.010189835271165957
0.0075,-0.0015,15.560756944551768,0.024659975508585133,-0.011545573600848881
0.0076,-0.0015,15.627429605132356,0.023591410847493353,-0.012966734640191485
0.0077,-0.0015,15.6998521464301,0.022401258507514638,-0.014459288164885863
0.0078,-0.0015,15.777978388766503,0.021088315623142846,-0.016031174798985658
0.0079,-0.0015,15.861691069296386,0.01965051375796997,-0.01769347625616855
0.008,-0.0015,15.950849889035355,0.018086354100717985,-0.019460919984290295
0.0081,-0.0015,16.045216535593973,0.016393928951684067,-0.021353624469703545
0.0082,-0.0015,16.144458736658784,0.014570611854683953,-0.02339973850722735
0.0083,-0.0015,16.24827761179681,0.012617277977547648,-0.02563419926800836
0.0084,-0.0015,16.356187007810473,0.010540274799754664,-0.028093583685521582
0.0085,-0.0015,16.467562912743823,0.008359914469818493,-0.030794604214432794
0.0086,-0.0015,16.581619027845623,0.006106630964651055,-0.03374589503434735
0.0087,-0.0015,16.697238098592035,0.0038338513150137686,-0.03693327840357327
0.0088,-0.0015,16.812958156199684,0.0016082129941755953,-0.04029441338907013
0.0089,-0.0015,16.92707003043913,-0.0004543577434718482,-0.04369885224909581
0.009,-0.0015,17.036857531204838,-0.0022930365287996916,-0.04699107286671005
0.0091,-0.0015,17.137530867428623,-0.003722347297878588,-0.049879542984792
0.0092,-0.0015,17.24257958018183,-0.00493382022623806,-0.0522375727798772
0.0093,-0.0015,17.376493795255474,-0.005191464237901789,-0.05303481186024802
0.0094,-0.0015,17.341157543120982,-0.005144554620418001,-0.05306094697617364
0.0095,-0.0015,17.373108135081868,-0.00409396921812123,-0.05220556618787717
0.0096,-0.0015,17.55780540374042,-0.003972047151703061,-0.047262518681264847
0.0097,-0.0015,17.507039539699523,-0.0029924767233660593,-0.04055392118033715
0.0098,-0.0015,17.43345950338774,-0.0008596099688695446,-0.03075584159118995
0.0099,-0.0015,17.44322013864543,-0.000555030014153388,-0.016228267941756136
0.01,-0.0015,0.0,0.0,0.0
0.0,-0.0014,0.0,0.0,0.0
0.0001,-0.0014,15.282790342040185,-0.0003121357970407605,0.0049031221927785295
0.0002,-0.0014,15.267512994512005,-0.0009095745452875816,0.009204962343051102
0.0003,-0.0014,15.25137482054111,-0.001718707312003592,0.012860130952648532
0.0004,-0.0014,15.2438431631388,-0.002651085970498254,0.015846989063202185
0.0005,-0.0014,15.24476623036183,-0.00357278648870838,0.018206199980576765
0.0006,-0.0014,15.253725309904086,-0.004435204232520033,0.019997391912647763
0.0007,-0.0014,15.26848081614689,-0.0051997500064141985,0.021287636326857887
0.0008,-0.0014,15.28920381552354,-0.005817293067028843,0.022148276979190088
0.0009,-0.0014,15.31477471702785,-0.006269096938517439,0.022642394838027338
0.001,-0.0014,15.342389922258345,-0.006539733264303325,0.022884164982856756
0.0011,-0.0014,15.373617441056616,-0.0066272133793430135,0.022931978472170694
0.0012,-0.0014,15.40639680283542,-0.0065548633922444775,0.022790792886423408
0.0013,-0.0014,15.436203970539962,-0.006337671847497666,0.022525070962963918
0.0014,-0.0014,15.465382043844302,-0.0059921366874251215,0.022178913406263302
0.0015,-0.0014,15.493368462250247,-0.005522510107336645,0.021774894782056367
0.0016,-0.0014,15.519090192216014,-0.004945952193465765,0.021335068354706655
0.0017,-0.0014,15.542726704954278,-0.004277850363331016,0.02087555544989674
0.0018,-0.0014,15.564011343170906,-0.0035324099086016954,0.020406071111067577
0.0019,-0.0014,15.582651047448028,-0.002722763621438729,0.01993407477216841
0.002,-0.0014,15.598831130645097,-0.0018573406198872137,0.019463727885116598
0.0021,-0.0014,15.612517817914165,-0.0009475253752136586,0.01899816301350508
0.0022,-0.0014,15.623508183609665,-2.0561830678081545e-06,0.01854008403439725
0.0023,-0.0014,15.631924441743408,0.0009716268660026812,0.018090260947847575
0.0024,-0.0014,15.637898949648422,0.0019663147692516965,0.017649430937151975
0.0025,-0.0014,15.641709550325471,0.0029765824136295266,0.01721799056510134
0.0026,-0.0014,15.643274352265738,0.003999810533320335,0.01679581050524938
0.0027,-0.0014,15.642267316079696,0.005028361270209217,0.01638247325633396
0.0028,-0.0014,15.639578112749419,0.00605876515236909,0.015975967799085108
0.0029,-0.0014,15.635125722720321,0.007092309260610708,0.01557632331710372
0.003,-0.0014,15.628643824195011,0.008122532144199859,0.015184456539576426
0.0031,-0.0014,15.620563356562332,0.0091496665350033,0.014797575127041454
0.0032,-0.0014,15.61048744092365,0.010168648879392388,0.014416329750938766
0.0033,-0.0014,15.59940532257639,0.01117774589824302,0.014041433887387635
0.0034,-0.0014,15.586755228557486,0.012180586293707819,0.013673625287943612
0.0035,-0.0014,15.57245883306543,0.013169014966110337,0.013314435695119482
0.0036,-0.0014,15.557283538174765,0.014144147186281987,0.012961107773223785
0.0037,-0.0014,15.540721900219859,0.015106499623567438,0.012610797465153225
0.0038,-0.0014,15.523284930785998,0.01605260018062217,0.012261860982258902
0.0039,-0.0014,15.505173788725271,0.016985544841231288,0.011914832437224887
0.004,-0.0014,15.486313222135179,0.01790501507620823,0.011569291327184442
0.0041,-0.0014,15.4668796415098,0.018809448935541113,0.011223909063129282
0.0042,-0.0014,15.44698184430657,0.019699469161981332,0.010878041352923383
0.0043,-0.0014,15.426661941684937,0.020573599449422816,0.010530523672323336
0.0044,-0.0014,15.406027914037233,0.021429658325974578,0.010179772564834632
0.0045,-0.0014,15.385228705102428,0.022265937297541394,0.009824067736859676
0.0046,-0.0014,15.364421718532338,0.02308157123998276,0.009462086870282006
0.0047,-0.0014,15.34374967341157,0.02387546489370881,0.009092686825946189
0.0048,-0.0014,15.323383712118954,0.0246462445750678,0.00871477707076241
0.0049,-0.0014,15.303530601523256,0.025392670166503286,0.008326670549585576
0.005,-0.0014,15.284379648004737,0.026112835946563245,0.007926625673626547
0.0051,-0.0014,15.266073315245512,0.02680510063959697,0.007512557853384367
0.0052,-0.0014,15.248756388860462,0.027467151358630707,0.007082723612346594
0.0053,-0.0014,15.232570100718686,0.028097312336889346,0.00663641835942238
0.0054,-0.0014,15.217725780164036,0.028693337926960768,0.006172408209598005
0.0055,-0.0014,15.204495757760204,0.029252094502849945,0.005689741807710253
0.0056,-0.0014,15.193078388229075,0.02977182258834187,0.00518717507217436
0.0057,-0.0014,15.183645813204802,0.030249946695566056,0.0046629820641485836
0.0058,-0.0014,15.176397307174653,0.030683531492142403,0.004115604044171943
0.0059,-0.0014,15.171546297466888,0.031069634068269632,0.0035436531468648978
0.006,-0.0014,15.169306665642608,0.03140511844828682,0.002945445364678165
0.0061,-0.0014,15.169880478409395,0.03168665053304452,0.002319170952142587
0.0062,-0.0014,15.173462929046838,0.03191069531146573,0.0016630144978984668
0.0063,-0.0014,15.180284664933263,0.03207390454980328,0.0009754290215460801
0.0064,-0.0014,15.190588473418618,0.03217132726950541,0.0002540698764414486
0.0065,-0.0014,15.204622615474996,0.0321994375703235,-0.0005030074384440947
0.0066,-0.0014,15.222577947976587,0.032151605869072834,-0.0012981883510884435
0.0067,-0.0014,15.24462849436548,0.03202413183689985,-0.0021343943158969765
0.0068,-0.0014,15.271084019647848,0.03181310388255388,-0.0030137819282883035
0.0069,-0.0014,15.302191411349368,0.03151092012862502,-0.003938213269913392
0.007,-0.0014,15.338153537695668,0.031113556175939153,-0.004909226762906294
0.0071,-0.0014,15.379223793230238,0.030615472191218858,-0.005928987587396002
0.0072,-0.0014,15.425621097070996,0.030011833551386362,-0.006999547710228321
0.0073,-0.0014,15.477552605975742,0.02929803797537728,-0.008122959338792724
0.0074,-0.0014,15.535200751118591,0.02847002162120587,-0.009301621443275251
0.0075,-0.0014,15.598714764975455,0.027524163602325957,-0.010538624520422835
0.0076,-0.0014,15.668215738681369,0.026457454034817262,-0.011838311595679328
0.0077,-0.0014,15.74376229061052,0.025266783832609104,-0.013206948961325994
0.0078,-0.0014,15.825358992815294,0.023950083600567967,-0.014653120468959656
0.0079,-0.0014,15.91294282755988,0.022504895830357446,-0.016187716698202795
0.008,-0.0014,16.006391147583255,0.02092872807538924,-0.017824901279439836
0.0081,-0.0014,16.105489976189258,0.019217688626550957,-0.019584173407288484
0.0082,-0.0014,16.210024527379645,0.017366641967236526,-0.021494671844216755
0.0083,-0.0014,16.319737470784787,0.015373102454389814,-0.02359321249534752
0.0084,-0.0014,16.434182559571813,0.0132370520174519,-0.02592418625231886
0.0085,-0.0014,16.552825932959262,0.010972513225613312,-0.028519532021851007
0.0086,-0.0014,16.67496853444057,0.008601696938800939,-0.03139712109253282
0.0087,-0.0014,16.799466436006753,0.006162455535993026,-0.03456859588075599
0.0088,-0.0014,16.925247847664618,0.0037248686420194963,-0.03800071024236696
0.0089,-0.0014,17.049554232653502,0.0013837916305205053,-0.04158355021561684
0.009,-0.0014,17.171854721589593,-0.0007405375541046028,-0.045159150382472354
0.0091,-0.0014,17.283844990212987,-0.002573154756684209,-0.0484370337600163
0.0092,-0.0014,17.408731790289863,-0.0038553473694395235,-0.051175040572258614
0.0093,-0.0014,17.471858307689672,-0.004636640388778394,-0.05271286644554806
0.0094,-0.0014,17.480864550713193,-0.005182882262312856,-0.05375326581187282
0.0095,-0.0014,17.67581331956285,-0.00497966248894264,-0.052240443447530115
0.0096,-0.0014,17.725382076220935,-0.0039436372721493316,-0.04695855962462216
0.0097,-0.0014,17.60778619566344,-0.0024550333072322203,-0.041499822740242276
0.0098,-0.0014,17.627431469294287,-0.0016253410304022942,-0.03210940690742165
0.0099,-0.0014,17.634582327151467,-0.0008997196675178575,-0.017096218506444934
0.01,-0.0014,0.0,0.0,0.0
0.0,-0.0013,0.0,0.0,0.0
0.0001,-0.0013,15.229551591104514,-0.00037934172158261067,0.005365785518335068
0.0002,-0.0013,15.212146752407497,-0.0011049824869599457,0.009999405216155098
0.0003,-0.0013,15.194096966470806,-0.0020531190171564017,0.013829986841189364
0.0004,-0.0013,15.18738512330231,-0.0031240019986318542,0.016867182778353116
0.0005,-0.0013,15.190940405548599,-0.00417715440105038,0.01917553982453578
0.0006,-0.0013,15.204594884227237,-0.005124413807409003,0.02085540313305975
0.0007,-0.0013,15.226743153593883,-0.00592432516941387,0.0220061735745772
0.0008,-0.0013,15.255393406320817,-0.006543182242573819,0.022707632836695104
0.0009,-0.0013,15.2921778418237,-0.006927530924847075,0.023025735760666504
0.001,-0.0013,15.325668337214404,-0.0071022107081948815,0.02304345723546753
0.0011,-0.0013,15.354701981077044,-0.007105258961304488,0.02287998456137151
0.0012,-0.0013,15.389764227275242,-0.006929023870644204,0.022584973193512374
0.0013,-0.0013,15.424963358297134,-0.006581098624290635,0.02217374214436831
0.0014,-0.0013,15.458603296502986,-0.006091755938451444,0.021693730959870695
0.0015,-0.0013,15.490204017152466,-0.005479855397099801,0.021176481418001124
0.0016,-0.0013,15.519150622438591,-0.004762025804616075,0.020639627415881736
0.0017,-0.0013,15.545469269995055,-0.003952355359648142,0.02009746676481435
0.0018,-0.0013,15.569076731644987,-0.0030689896400254452,0.019558964924103108
0.0019,-0.0013,15.589474933234577,-0.002125170195014823,0.019029146967034474
0.002,-0.0013,15.606925568081667,-0.00113015234199591,0.018510323703802983
0.0021,-0.0013,15.621829589351746,-9.643681268708916e-05,0.018006453973597104
0.0022,-0.0013,15.634000529085064,0.0009674797713676425,0.017519282685265498
0.0023,-0.0013,15.643465687463026,0.0020567993780710734,0.0170477558856553
0.0024,-0.0013,15.649993596372827,0.003162906183159539,0.016591328774266917
0.0025,-0.0013,15.65435451695695,0.004276789903823106,0.01614994211846782
0.0026,-0.0013,15.656859541168457,0.005398874793305003,0.015723305191704756
0.0027,-0.0013,15.656509631687692,0.0065248001699862185,0.015307485238223137
0.0028,-0.0013,15.653960658129295,0.007649752806845505,0.014898535481398205
0.0029,-0.0013,15.649423446708303,0.008772413629764516,0.014499157910506776
0.003,-0.0013,15.642899808698843,0.009882967740546056,0.01411139257044357
0.0031,-0.0013,15.63526137377378,0.01098835370334569,0.013732649220857051
0.0032,-0.0013,15.625142775827065,0.012086062556885761,0.013362114197583437
0.0033,-0.0013,15.61355781398703,0.013163423807030117,0.013002415601287776
0.0034,-0.0013,15.601125051739134,0.014230507435918856,0.012651261921407142
0.0035,-0.0013,15.586669745768116,0.015284757503973598,0.012305330273967859
0.0036,-0.0013,15.571084633674586,0.016320423056951465,0.011963672001637086
0.0037,-0.0013,15.554552338299995,0.017341000163747563,0.01162616338912645
0.0038,-0.0013,15.53715829572421,0.01834518214577365,0.01129246129512915
0.0039,-0.0013,15.518927453161558,0.019333145512088996,0.010960787680657042
0.004,-0.0013,15.500004233813657,0.020305125468957467,0.010630105634551409
0.0041,-0.0013,15.480573876755706,0.021260861289690947,0.010300414351765675
0.0042,-0.0013,15.46056562981833,0.022199314654787874,0.009971993569044837
0.0043,-0.0013,15.440098048954791,0.02311737374486071,0.00964382015476687
0.0044,-0.0013,15.419374614228692,0.02401276559281449,0.009314938663307197
0.0045,-0.0013,15.398574630133396,0.02488491561179072,0.008982329863950035
0.0046,-0.0013,15.377811785735977,0.025734285466425727,0.008643256244605182
0.0047,-0.0013,15.357215646257483,0.026559832102809183,0.008296302709646505
0.0048,-0.0013,15.336942978060534,0.027360146802484782,0.007941356295032193
0.0049,-0.0013,15.317161006592661,0.028134073234641892,0.007578106969884196
0.005,-0.0013,15.2980616340781,0.028879849566811423,0.007205322842641954
0.0051,-0.0013,15.2798616540057,0.029595848063364186,0.006821426708760852
0.0052,-0.0013,15.26274154546589,0.03028013215002378,0.006424749219189406
0.0053,-0.0013,15.246835750750646,0.0309309725753161,0.0060134336479813685
0.0054,-0.0013,15.232381706683645,0.03154606693518279,0.005585940264241143
0.0055,-0.0013,15.219555614564005,0.03212289987728285,0.0051417506821544315
0.0056,-0.0013,15.208471075776297,0.03265911308898508,0.004679873348199472
0.0057,-0.0013,15.199413939237136,0.033152006195284876,0.004199192536642691
0.0058,-0.0013,15.192626930400312,0.03359911344437419,0.003698503731271502
0.0059,-0.0013,15.188284054058979,0.033997442136896386,0.0031762760242761597
0.006,-0.0013,15.186602498675546,0.03434387335319867,0.002630951046561203
0.0061,-0.0013,15.187801370353904,0.034634950607638944,0.0020610455840322063
0.0062,-0.0013,15.192087491977967,0.03486709500773857,0.001464723734313497
0.0063,-0.0013,15.199659558624305,0.03503667806691138,0.0008407134727827876
0.0064,-0.0013,15.210769625702865,0.03514052511209223,0.00018758584250148805
0.0065,-0.0013,15.225721429945008,0.03517360651436089,-0.0004966867627200874
0.0066,-0.0013,15.244695546372924,0.03512931632576599,-0.0012141416021043757
0.0067,-0.0013,15.267884392104762,0.035005648893956604,-0.00196756241333934
0.0068,-0.0013,15.295609984212161,0.034797578316874946,-0.0027592253521415283
0.0069,-0.0013,15.328124277381786,0.03449849807325963,-0.003590937762724333
0.007,-0.0013,15.36562977544071,0.03410471465738954,-0.00446440795299601
0.0071,-0.0013,15.40838355585777,0.03361073492273302,-0.0053813942489696525
0.0072,-0.0013,15.456643937691911,0.03301168820148309,-0.00634428734365057
0.0073,-0.0013,15.510635144079462,0.03230309288333013,-0.007355667464231093
0.0074,-0.0013,15.570561884645516,0.03148072567950943,-0.008418350403885416
0.0075,-0.0013,15.636598339130725,0.030540681506873137,-0.009535850504510503
0.0076,-0.0013,15.708887752507497,0.029479427265250015,-0.01071274165062969
0.0077,-0.0013,15.787525824808984,0.028293198340401404,-0.011955585815610797
0.0078,-0.0013,15.87257669744618,0.026978654261449422,-0.013273441629943804
0.0079,-0.0013,15.964028005347746,0.02553271967013779,-0.01467682855530958
0.008,-0.0013,16.061803481484286,0.02395150811884582,-0.016179178710322432
0.0081,-0.0013,16.165766064887915,0.02223065841286195,-0.017799213415846976
0.0082,-0.0013,16.275764944724962,0.02036297088142742,-0.019564309813472958
0.0083,-0.0013,16.391598182644994,0.018341964980310307,-0.021511707040986667
0.0084,-0.0013,16.512964273692244,0.01616052280882777,-0.023692149268500835
0.0085,-0.0013,16.63951716479801,0.013825523264603382,-0.02615181279089377
0.0086,-0.0013,16.770449794208872,0.011349556304608169,-0.028918063802263336
0.0087,-0.0013,16.90481128646214,0.008759937772803334,-0.03202361455309162
0.0088,-0.0013,17.041607856350524,0.0061172907495585654,-0.03546771371736993
0.0089,-0.0013,17.178440505544867,0.0035023010970832366,-0.03917003357793981
0.009,-0.0013,17.314965738993365,0.001054137108650142,-0.042979137198080844
0.0091,-0.0013,17.44317464656056,-0.0011647049456903018,-0.046658084651665065
0.0092,-0.0013,17.570871330376693,-0.0027903306987554226,-0.04987930226065891
0.0093,-0.0013,17.627298279556026,-0.0041999171178013816,-0.05233739788576229
0.0094,-0.0013,17.69776551000031,-0.005067597014234642,-0.05387971189668606
0.0095,-0.0013,17.829157862167524,-0.00551585944451469,-0.053040636439076194
0.0096,-0.0013,17.767329966681682,-0.00418600504323478,-0.0496615439586749
0.0097,-0.0013,17.80283849978243,-0.0025659240306698285,-0.04402611735745839
0.0098,-0.0013,17.919156506197062,-0.0025097021660337795,-0.0334743379922564
0.0099,-0.0013,17.87785218451191,-0.001152102029447776,-0.01822473114519506
0.01,-0.0013,0.0,0.0,0.0
0.0,-0.0012,0.0,0.0,0.0
0.0001,-0.0012,15.165280250050225,-0.00046865831100012956,0.005981906782250068
0.0002,-0.0012,15.145213036445382,-0.0013288963981853705,0.010960345717303064
0.0003,-0.0012,15.125419302287165,-0.00242837227437594,0.014960277130566933
0.0004,-0.0012,15.120433290139513,-0.0036594726727484346,0.018029295801763805
0.0005,-0.0012,15.12929036020238,-0.004850101096885409,0.02025276592563087
0.0006,-0.0012,15.148277697329767,-0.0058544372767913196,0.021772225300987682
0.0007,-0.0012,15.173651310356531,-0.00667099318432138,0.022731060448861397
0.0008,-0.0012,15.205364434472823,-0.007215470532800201,0.023207389452401944
0.0009,-0.0012,15.244612924599751,-0.007508901679655486,0.023311897136261073
0.001,-0.0012,15.289929747864585,-0.007618543659535702,0.023118971034448856
0.0011,-0.0012,15.33350069405713,-0.007477589836318241,0.022722343578377345
0.0012,-0.0012,15.374710029888593,-0.007117829261873451,0.02222881089535713
0.0013,-0.0012,15.415238304010659,-0.006592633381180117,0.02166128613911627
0.0014,-0.0012,15.453491257315466,-0.0059234991856436,0.0210545553875283
0.0015,-0.0012,15.488614033480141,-0.005135879593300956,0.0204243955128899
0.0016,-0.0012,15.52073466569733,-0.004248027851975533,0.019788224757060092
0.0017,-0.0012,15.549497311076676,-0.003272403408416563,0.019163055708356677
0.0018,-0.0012,15.574961245827783,-0.0022335904735845706,0.018559647297357547
0.0019,-0.0012,15.597475588320405,-0.001143066702025462,0.01798046633853834
0.002,-0.0012,15.616900145108678,-2.9604094359707896e-06,0.01742444055950569
0.0021,-0.0012,15.632836357691145,0.0011676485660386997,0.016892765166716887
0.0022,-0.0012,15.646091187692557,0.0023555246866802868,0.016383489733847748
0.0023,-0.0012,15.657089286198957,0.003565343054129836,0.015895590523613626
0.0024,-0.0012,15.664578387269861,0.004793097555584707,0.015425546382645323
0.0025,-0.0012,15.668721407201069,0.006020974598985872,0.014975161655668145
0.0026,-0.0012,15.670597310308343,0.007239921849890035,0.01454459384025077
0.0027,-0.0012,15.670783487136918,0.00845422112314472,0.014127309958117914
0.0028,-0.0012,15.669267080629563,0.009672685323008908,0.013724283731659188
0.0029,-0.0012,15.664508971982901,0.01088477972096524,0.013337770921179248
0.003,-0.0012,15.657384207127675,0.012067559951097042,0.012964840660317795
0.0031,-0.0012,15.649980510551794,0.01323569897808391,0.01260279010634527
0.0032,-0.0012,15.640494640829482,0.014402868138295591,0.012249176895281058
0.0033,-0.0012,15.628269902904366,0.015547870782125132,0.01190285893778151
0.0034,-0.0012,15.615331462364304,0.016670543126192105,0.011563550227900395
0.0035,-0.0012,15.601505110120007,0.017783540743209664,0.01123130880941676
0.0036,-0.0012,15.585971602721026,0.01888218425398525,0.010905703904767784
0.0037,-0.0012,15.569170643535955,0.019960265596229362,0.010584721703777717
0.0038,-0.0012,15.5516296890563,0.02101768913405976,0.010268172968521408
0.0039,-0.0012,15.533447963190218,0.022056968864822946,0.00995356702879393
0.004,-0.0012,15.51447700010466,0.023079087497861705,0.009641099821405466
0.0041,-0.0012,15.49489218185068,0.024080378322370026,0.009332082863896763
0.0042,-0.0012,15.474772828075464,0.02505986662643816,0.009025227080132201
0.0043,-0.0012,15.454132368995795,0.026015177911736926,0.008720303481148767
0.0044,-0.0012,15.4332016330247,0.026941636846436252,0.008415102960970988
0.0045,-0.0012,15.412329711481918,0.027841885456680475,0.008105998281759955
0.0046,-0.0012,15.391593001422411,0.02871801469298348,0.007792354653585471
0.0047,-0.0012,15.37110230008434,0.029569095259733544,0.007473100592552177
0.0048,-0.0012,15.350967198806558,0.030393939201969505,0.0071458340369708094
0.0049,-0.0012,15.331314998481934,0.03119040417456775,0.006809597097007503
0.005,-0.0012,15.312372710883794,0.03195653696720474,0.006464826623054103
0.0051,-0.0012,15.294311391908618,0.03269052328781928,0.006110986661973535
0.0052,-0.0012,15.277281681382872,0.03339024335553409,0.005746816271395325
0.0053,-0.0012,15.26154103632765,0.03405439750987457,0.00537115086232595
0.0054,-0.0012,15.24734537516094,0.03468138094074473,0.00498284372623738
0.0055,-0.0012,15.234833809683643,0.035268442284546266,0.004580314007468131
0.0056,-0.0012,15.22416939498246,0.03581280471959967,0.004161673097292785
0.0057,-0.0012,15.21555637682303,0.03631240224003955,0.003726143025303611
0.0058,-0.0012,15.209174673068873,0.0367643465498146,0.0032730502253449398
0.0059,-0.0012,15.205286609315596,0.03716566051086219,0.002801617040451696
0.006,-0.0012,15.204134478360704,0.03751368007204617,0.0023105448428840216
0.0061,-0.0012,15.205921838878764,0.037805126145200846,0.0017984848648901603
0.0062,-0.0012,15.210883212865921,0.03803688345317629,0.0012636256705531293
0.0063,-0.0012,15.219204449129935,0.0382038725915078,0.0007037595956694731
0.0064,-0.0012,15.231106787984674,0.038305303206727696,0.00011871682548997503
0.0065,-0.0012,15.24692533357801,0.03833593916484653,-0.000492034072238418
0.0066,-0.0012,15.266841586315744,0.03828917541195587,-0.0011310244195200467
0.0067,-0.0012,15.291102577464857,0.038163467136806226,-0.0018013952838986404
0.0068,-0.0012,15.320048810099564,0.03795304467316562,-0.002505611863789096
0.0069,-0.0012,15.353902439163516,0.03765344320473606,-0.003245186265420783
0.007,-0.0012,15.392900433847649,0.03726051147285509,-0.004021953369670063
0.0071,-0.0012,15.437285946736141,0.036769514738544506,-0.004837651756208776
0.0072,-0.0012,15.48733029966729,0.03617543318388487,-0.005694384315510531
0.0073,-0.0012,15.543303738354656,0.035473604188617,-0.00659496678905292
0.0074,-0.0012,15.605425561309621,0.0346597620682219,-0.007542634556398168
0.0075,-0.0012,15.67389675606296,0.03372964215692789,-0.008541239060320168
0.0076,-0.0012,15.748885208327895,0.032678976235371686,-0.009595450045838706
0.0077,-0.0012,15.830565943552713,0.0315034497645825,-0.010711454541820098
0.0078,-0.0012,15.919115487734581,0.030198211720073975,-0.01189780149482967
0.0079,-0.0012,16.014528975864064,0.028759216169226488,-0.01316575413142839
0.008,-0.0012,16.11671607472612,0.027181528871144618,-0.014529108744996187
0.0081,-0.0012,16.225669531736752,0.025459871020663275,-0.01600523090714676
0.0082,-0.0012,16.341288122432047,0.02358572151376895,-0.017617762910676345
0.0083,-0.0012,16.463496790735302,0.02154924440310353,-0.01940208790140157
0.0084,-0.0012,16.592180109874437,0.019338579314842685,-0.021411114843969195
0.0085,-0.0012,16.72700786296382,0.016950308887730105,-0.023702805965426524
0.0086,-0.0012,16.867187842084913,0.014390245317058762,-0.02631821851117726
0.0087,-0.0012,17.011921589213145,0.011673437036820363,-0.02930926878550634
0.0088,-0.0012,17.160990460169497,0.008840972988155624,-0.03270505274285683
0.0089,-0.0012,17.312124924915306,0.005967295043448404,-0.036454141645370086
0.009,-0.0012,17.463783648471708,0.0031756700544198096,-0.04043357007653753
0.0091,-0.0012,17.611616108885485,0.0005775040386330207,-0.04443639269716991
0.0092,-0.0012,17.752659710083766,-0.0016216576581075906,-0.0481078799042985
0.0093,-0.0012,17.88091599346377,-0.0035778451816241104,-0.05119378408113959
0.0094,-0.0012,18.060112540725623,-0.004814189637758114,-0.052898333897111634
0.0095,-0.0012,18.250668443584157,-0.004967775357105,-0.05311830605786708
0.0096,-0.0012,18.257840474654895,-0.0035642521899039194,-0.052229329527146234
0.0097,-0.0012,18.247627387371,-0.0025130505229280847,-0.04611500062742696
0.0098,-0.0012,18.238687178139966,-0.0025076722324061046,-0.03415110925535812
0.0099,-0.0012,18.165595233961525,-0.0010367162680757405,-0.01911775544048341
0.01,-0.0012,0.0,0.0,0.0
0.0,-0.0011,0.0,0.0,0.0
0.0001,-0.0011,15.085715268599799,-0.0005870433716446677,0.006632197562538203
0.0002,-0.0011,15.06251176996022,-0.0015814391363810365,0.012073377631596563
0.0003,-0.0011,15.041305288586926,-0.0028773825762457533,0.01626765291529395
0.0004,-0.0011,15.0388964605518,-0.004276102200440822,0.01932359805940621
0.0005,-0.0011,15.053486320114393,-0.00556532459480843,0.02140237555681904
0.0006,-0.0011,15.080996320008017,-0.006607357742986119,0.022681225054488274
0.0007,-0.0011,15.115510201469576,-0.007401483422703379,0.02332439099137044
0.0008,-0.0011,15.159499454013245,-0.007849302883152628,0.02347689469981834
0.0009,-0.0011,15.205045516629522,-0.008030089545469283,0.023282070572233082
0.001,-0.0011,15.256769377321454,-0.007963946393712328,0.02288853291863657
0.0011,-0.0011,15.312263286787337,-0.007567153420193963,0.022336521161454563
0.0012,-0.0011,15.360869815481179,-0.006985925124489405,0.021655518585622965
0.0013,-0.0011,15.40677342601445,-0.0062493616713606166,0.020934901783540086
0.0014,-0.0011,15.44899014467359,-0.005364958475103047,0.02020012242845742
0.0015,-0.0011,15.487950610053684,-0.004372937533504158,0.019469709095809543
0.0016,-0.0011,15.524296881201824,-0.0032897260581458993,0.01875624969462928
0.0017,-0.0011,15.55692815128639,-0.002123001091109467,0.018072195723327605
0.0018,-0.0011,15.584258250838362,-0.0009067454527361938,0.017420847538153938
0.0019,-0.0011,15.608656072924635,0.0003452808950555376,0.016794752066725743
0.002,-0.0011,15.629885296211127,0.0016462173476141026,0.01619814512010988
0.0021,-0.0011,15.645986307817983,0.002968103760615756,0.015637554675105858
0.0022,-0.0011,15.659175529388321,0.0042878938910205265,0.01510737486149705
0.0023,-0.0011,15.670690058971912,0.005615673871985567,0.01460667943083206
0.0024,-0.0011,15.679839014193929,0.006961022161036469,0.014136953628719272
0.0025,-0.0011,15.684338928278079,0.008303297883779596,0.013698864558434729
0.0026,-0.0011,15.68531699486402,0.009615060091497846,0.013279020067309836
0.0027,-0.0011,15.685559101175366,0.01090942910637047,0.012870546936321477
0.0028,-0.0011,15.684401746715805,0.012206636668164692,0.012482849475720167
0.0029,-0.0011,15.679947403629454,0.01349374519411105,0.01211369477742646
0.003,-0.0011,15.67273433759264,0.014744351637229893,0.011757619823419755
0.0031,-0.0011,15.665098866607611,0.015969807183452422,0.011410633113942041
0.0032,-0.0011,15.656206139851692,0.017195232338356636,0.01106979226481658
0.0033,-0.0011,15.644585952214676,0.018410884102755633,0.010735579548598752
0.0034,-0.0011,15.63095198680959,0.01959950384659491,0.010410606492717635
0.0035,-0.0011,15.61660290706959,0.020764460703157604,0.010095779353678221
0.0036,-0.0011,15.60139301534846,0.021915612379442347,0.00978903987915156
0.0037,-0.0011,15.584685625825156,0.02305044342322685,0.009486926572784557
0.0038,-0.0011,15.566766756356822,0.024156461381835147,0.009190323924915844
0.0039,-0.0011,15.548621544404444,0.025238789471658293,0.008897635102210916
0.004,-0.0011,15.529607229004194,0.026302960625184897,0.008609510099996566
0.0041,-0.0011,15.509608601835108,0.02733697016898779,0.008327399178993887
0.0042,-0.0011,15.489269710596645,0.028342276557233193,0.008049843491304009
0.0043,-0.0011,15.468375256356879,0.0293179520771088,0.007774302488825547
0.0044,-0.0011,15.44739908960243,0.030261769490601026,0.00749313401435766
0.0045,-0.0011,15.426585444905728,0.03118197866377028,0.007206263209008664
0.0046,-0.0011,15.405820665439446,0.032078787948399794,0.0069162875244288555
0.0047,-0.0011,15.385278971808662,0.032947791900631546,0.006623954870816425
0.0048,-0.0011,15.365193457585882,0.03378701927043959,0.006327850974584757
0.0049,-0.0011,15.345694421356729,0.03459547531180992,0.006025106013370527
0.005,-0.0011,15.326922368734929,0.03537196384028378,0.005713998211743691
0.0051,-0.0011,15.309085309276043,0.036114075117423663,0.005394152050300775
0.0052,-0.0011,15.29232240252606,0.03681915944789131,0.005064422413776651
0.0053,-0.0011,15.276801732829375,0.03748631879992835,0.004724319888808792
0.0054,-0.0011,15.262698698076294,0.03811388407039717,0.004373568173796712
0.0055,-0.0011,15.250316435044544,0.03869873765110229,0.004012124277274682
0.0056,-0.0011,15.239955289173338,0.039239309960711725,0.003639005829798928
0.0057,-0.0011,15.231728339332335,0.03973383929963431,0.003251993072406434
0.0058,-0.0011,15.225823193799547,0.04017941443877705,0.002849622354013741
0.0059,-0.0011,15.222419357202565,0.040573303117930566,0.0024307262647463583
0.006,-0.0011,15.22174284866374,0.04091280086905627,0.001994603180138896
0.0061,-0.0011,15.224057456579029,0.041194547748207605,0.001540581706884574
0.0062,-0.0011,15.22961800647388,0.04141695017990913,0.001067865879115516
0.0063,-0.0011,15.238638556793642,0.04157431874734062,0.0005737350054034677
0.0064,-0.0011,15.251328451641877,0.04166586312206972,5.635908956655195e-05
0.0065,-0.0011,15.267965525949853,0.04168735549990186,-0.00048257944779344877
0.0066,-0.0011,15.288767365124919,0.041633691563630115,-0.0010443866875068726
0.0067,-0.0011,15.314020919701372,0.04150322843857661,-0.0016330245510649036
0.0068,-0.0011,15.344074777788219,0.04128875370999445,-0.0022509166413756617
0.0069,-0.0011,15.379181094018536,0.04098753598683202,-0.002899807092616433
0.007,-0.0011,15.4195704265633,0.040595554645050096,-0.003581620475107062
0.0071,-0.0011,15.465514477957718,0.0401085303920172,-0.0042983270209391465
0.0072,-0.0011,15.517267177737008,0.03952196045073841,-0.005051692426050284
0.0073,-0.0011,15.575099450985146,0.03883075888967417,-0.005844090577839378
0.0074,-0.0011,15.63928916731394,0.03803017814518353,-0.0066790144823442085
0.0075,-0.0011,15.710094824487268,0.03711555211941181,-0.007560107060315192
0.0076,-0.0011,15.787720552142783,0.03608201357605629,-0.008492093510926406
0.0077,-0.0011,15.872314234341042,0.034924964188202005,-0.009481279391862754
0.0078,-0.0011,15.964031380672232,0.03363819435840899,-0.010535079651168478
0.0079,-0.0011,16.063078586771805,0.032215449840206745,-0.011664436592149585
0.008,-0.0011,16.169588868827237,0.030650962865883858,-0.012883540335801958
0.0081,-0.0011,16.28354760525364,0.02893833245096689,-0.014208794601060839
0.0082,-0.0011,16.404815886175562,0.027068867712142557,-0.015662317414436657
0.0083,-0.0011,16.533351933263237,0.025030961616024937,-0.017276589631676997
0.0084,-0.0011,16.6691666260938,0.022808843694634436,-0.019100428628035748
0.0085,-0.0011,16.812139463582362,0.020387502421385786,-0.021200028848864228
0.0086,-0.0011,16.962038034273153,0.0177643532236272,-0.02363179903651993
0.0087,-0.0011,17.11893874963568,0.014942956063256102,-0.02645857091416666
0.0088,-0.0011,17.282009503417143,0.011949687828039544,-0.029731380363266783
0.0089,-0.0011,17.448390411812333,0.008839533159523674,-0.03344766930026346
0.009,-0.0011,17.6176205503956,0.0057215683798508945,-0.03752630364963259
0.0091,-0.0011,17.786388089512656,0.002753892082491845,-0.041775589482906154
0.0092,-0.0011,17.948122607283967,9.644261452954411e-05,-0.04586005492116693
0.0093,-0.0011,18.113748506205592,-0.002002233779029439,-0.04932258013112908
0.0094,-0.0011,18.28251986701693,-0.0033920940776717553,-0.051199973139090374
0.0095,-0.0011,18.4524429791886,-0.0033490259027132265,-0.05112262640580639
0.0096,-0.0011,18.55881115384707,-0.0037523641745477194,-0.0495247289216047
0.0097,-0.0011,18.585077443504854,-0.003930041669765489,-0.044579775295694964
0.0098,-0.0011,18.53080399172784,-0.0018505691454916648,-0.03461737840179108
0.0099,-0.0011,18.472255943858283,-0.00031547906753053283,-0.019906771210625042
0.01,-0.0011,0.0,0.0,0.0
0.0,-0.001,0.0,0.0,0.0
0.0001,-0.001,14.983757830222428,-0.0007295679339576082,0.007415994087697154
0.0002,-0.001,14.958653285040986,-0.0019414998372454377,0.013364106945142893
0.0003,-0.001,14.937648947407745,-0.0034428916535750873,0.01778017844288647
0.0004,-0.001,14.94115218602959,-0.004993872618828879,0.020768425728176575
0.0005,-0.001,14.965968263299565,-0.006333691831350365,0.022601640795504092
0.0006,-0.001,15.007526210589594,-0.007370743259079129,0.02358404451773362
0.0007,-0.001,15.05839931566992,-0.008028518285870711,0.023881990129602425
0.0008,-0.001,15.110599437482383,-0.008372119518304591,0.0237034711696186
0.0009,-0.001,15.176463943117282,-0.008365528487613131,0.023206667231125307
0.001,-0.001,15.241833203206157,-0.007919872337885428,0.022497609079518952
0.0011,-0.001,15.292832198920912,-0.007236339835458843,0.021705472653416893
0.0012,-0.001,15.348811254996503,-0.006418133506836246,0.020860947597144033
0.0013,-0.001,15.402950578717961,-0.005411170475348892,0.020011370608442238
0.0014,-0.001,15.450932100775235,-0.00426406622893207,0.019163367478876567
0.0015,-0.001,15.492630970656126,-0.003019305199231098,0.018329650875121842
0.0016,-0.001,15.53088563942099,-0.0017052602389772084,0.017524159444475284
0.0017,-0.001,15.565390057241853,-0.0003320240004306629,0.01677077885598767
0.0018,-0.001,15.594410419931927,0.0010690233485330066,0.01606478601119156
0.0019,-0.001,15.621267662540859,0.002494026738225294,0.01540890364133922
0.002,-0.001,15.644311198098778,0.003965658106584106,0.01480350513948781
0.0021,-0.001,15.660754531280764,0.005444067933863575,0.014235363662586268
0.0022,-0.001,15.67396116031887,0.006899382813717617,0.013702234740234784
0.0023,-0.001,15.684950291970107,0.008341670878599682,0.013208514912918834
0.0024,-0.001,15.693825996550917,0.009780713015509163,0.012757626850228495
0.0025,-0.001,15.698874554029334,0.01120351085777932,0.01233528269523298
0.0026,-0.001,15.701496307926531,0.012597054877721163,0.01192530668020129
0.0027,-0.001,15.70294091785238,0.013980706823920403,0.011534648917977204
0.0028,-0.001,15.701405218825643,0.015357555636997323,0.011167772142245513
0.0029,-0.001,15.696900430212693,0.016713457589353723,0.010817323975161925
0.003,-0.001,15.689574984119394,0.018030778101632953,0.010478122795392508
0.0031,-0.001,15.681457971478382,0.01931411426109523,0.01014724056586771
0.0032,-0.001,15.672640916939256,0.020592266796827713,0.00982303143726455
0.0033,-0.001,15.66161608421934,0.021867891708628885,0.009506716358906517
0.0034,-0.001,15.648096236979423,0.02312075124306202,0.009203111774346743
0.0035,-0.001,15.632927771423159,0.0243373223013266,0.008912274390810833
0.0036,-0.001,15.6172716090993,0.025526599503689126,0.008627654800253492
0.0037,-0.001,15.600800890541384,0.026701484245117847,0.008349843336055207
0.0038,-0.001,15.582568511630122,0.02784227533227925,0.008080613454617094
0.0039,-0.001,15.563909496298907,0.028945861857189885,0.007816841457364969
0.004,-0.001,15.544690351542032,0.030023596672237397,0.007560355239924458
0.0041,-0.001,15.524360662986181,0.031066681898026235,0.007308279886899034
0.0042,-0.001,15.503615990708623,0.03207562352312471,0.00705850006347761
0.0043,-0.001,15.482541913988962,0.033050244444551354,0.006809366511028968
0.0044,-0.001,15.46193363651906,0.034000917112105324,0.006553215890530478
0.0045,-0.001,15.441297332331542,0.0349360750552782,0.006292032531715999
0.0046,-0.001,15.420504865144569,0.03584462103497267,0.006030294956770586
0.0047,-0.001,15.399926352696976,0.036719406458024954,0.005766869769395181
0.0048,-0.001,15.379782814417617,0.03756022637856345,0.00550036022739506
0.0049,-0.001,15.360246160915239,0.03836575512673488,0.0052309883270329005
0.005,-0.001,15.341481729450024,0.039135418397551316,0.004955804376039905
0.0051,-0.001,15.323752666797532,0.03986923849904859,0.004673678836621585
0.0052,-0.001,15.307230809351555,0.040564571247692346,0.0043851457843186665
0.0053,-0.001,15.292026429303526,0.041219602392281465,0.004087676461753082
0.0054,-0.001,15.278294328198209,0.041833839951274,0.003778874700633069
0.0055,-0.001,15.266211514901352,0.04240468646198871,0.0034593766931263507
0.0056,-0.001,15.256004075024187,0.042929887791411665,0.0031292858551545564
0.0057,-0.001,15.247939516928035,0.04340716222377192,0.002787992514377214
0.0058,-0.001,15.2423066041693,0.04383455297091207,0.0024357255902591403
0.0059,-0.001,15.239324763228149,0.044210299595434994,0.002070812232716805
0.006,-0.001,15.239151430679586,0.04453222049660804,0.001691482947639422
0.0061,-0.001,15.241979029765856,0.04479707594582643,0.0012962044414603848
0.0062,-0.001,15.248074977574836,0.04500282148154438,0.0008849268166927313
0.0063,-0.001,15.257684476123709,0.04514599172910428,0.00045681070565891714
0.0064,-0.001,15.271131468390807,0.045224371278420834,7.337851381183599e-06
0.0065,-0.001,15.288574851043911,0.045233739494888243,-0.00046375363510366976
0.0066,-0.001,15.310145696491196,0.04517210272550116,-0.0009531425804883954
0.0067,-0.001,15.33630064725876,0.045036495382458575,-0.0014628825482278678
0.0068,-0.001,15.367361499926313,0.044819997956683524,-0.0019965820782609374
0.0069,-0.001,15.403573473991854,0.044519808432174485,-0.0025568714740672564
0.007,-0.001,15.445240942297513,0.04413191172697624,-0.003146515674539445
0.0071,-0.001,15.492608382800405,0.043652668062928356,-0.003767128983360814
0.0072,-0.001,15.545941635465624,0.043077900356503836,-0.00442048939588074
0.0073,-0.001,15.605518647457895,0.04240267809771388,-0.005108278715932161
0.0074,-0.001,15.67165603457329,0.04162160723254217,-0.0058332354170131055
0.0075,-0.001,15.744589649928919,0.04072951390309294,-0.0065990867498264515
0.0076,-0.001,15.82457363017119,0.03972071281904982,-0.007410734507318841
0.0077,-0.001,15.911897841643217,0.03858981759731787,-0.008274694617254623
0.0078,-0.001,16.00668137202247,0.037330853740337774,-0.009197765394903735
0.0079,-0.001,16.10915526085406,0.03593591230733907,-0.010188920449146998
0.008,-0.001,16.219618395229503,0.034397010440206,-0.01126065285159367
0.0081,-0.001,16.338183879422743,0.03270578853256858,-0.012429071289776526
0.0082,-0.001,16.464917367053427,0.03085304200452568,-0.013717129692305392
0.0083,-0.001,16.599862017970647,0.028827135303016862,-0.015155857036696535
0.0084,-0.001,16.74304580175207,0.026611644048517027,-0.016787265312192077
0.0085,-0.001,16.894692913774623,0.024181280316211286,-0.018675182987474476
0.0086,-0.001,17.05524660868956,0.021522659074694674,-0.020888556948522072
0.0087,-0.001,17.22442948180455,0.018630635705297074,-0.023494868737904892
0.0088,-0.001,17.400760811704274,0.01550618229853908,-0.026571423604577128
0.0089,-0.001,17.58454920006776,0.012186642640387536,-0.030176459335073614
0.009,-0.001,17.774599969659732,0.008762983896196324,-0.03426274074601243
0.0091,-0.001,17.966910213674343,0.005375834597950438,-0.03868985450493488
0.0092,-0.001,18.15567220468339,0.00223637717453319,-0.04321271509514461
0.0093,-0.001,18.3382892249473,-0.00028376702836585706,-0.04736305688885114
0.0094,-0.001,18.477264207689128,-0.001876689404993892,-0.05039532420609658
0.0095,-0.001,18.528704328743572,-0.002203094410122581,-0.05121567832177886
0.0096,-0.001,18.475084094865633,-0.0038703913836543057,-0.04941926001193463
0.0097,-0.001,18.657727263831326,-0.005849876640234714,-0.04507055895767742
0.0098,-0.001,18.837723336132857,-0.002700186710672369,-0.03639114892085228
0.0099,-0.001,18.817495903030853,-6.838153744382952e-05,-0.021091566101007646
0.01,-0.001,0.0,0.0,0.0
0.0,-0.0009,0.0,0.0,0.0
0.0001,-0.0009,14.851708296287917,-0.0008969036529714724,0.008503590727586205
0.0002,-0.0009,14.82537684941861,-0.0023968807773619106,0.01493063447971811
0.0003,-0.0009,14.805672025154404,-0.004107902221954179,0.01944432171071992
0.0004,-0.0009,14.817926173100163,-0.005805044120374294,0.022283190049703458
0.0005,-0.0009,14.859869660106975,-0.0071547002645762315,0.023742148353598665
0.0006,-0.0009,14.915458847138064,-0.008032450741448842,0.024380337812646483
0.0007,-0.0009,14.977358422160723,-0.00848913428887976,0.024345487511804785
0.0008,-0.0009,15.047745278796764,-0.008603008053621124,0.02365709618331973
0.0009,-0.0009,15.134067506026291,-0.008257430564567743,0.022861254294798086
0.001,-0.0009,15.217024767793719,-0.007410742192027948,0.021920292339990557
0.0011,-0.0009,15.27927668436393,-0.006353010050234728,0.02080356779009332
0.0012,-0.0009,15.339139694381574,-0.005174348079862793,0.019738098975708523
0.0013,-0.0009,15.396449519054006,-0.0038635846439147876,0.018725148006389962
0.0014,-0.0009,15.45241785173065,-0.00244797781835103,0.017768567044304535
0.0015,-0.0009,15.50197863860357,-0.0009075511648695969,0.01686950653399933
0.0016,-0.0009,15.542713364724964,0.0006983219727098272,0.016034521668831875
0.0017,-0.0009,15.57576587260915,0.0022924798951171254,0.015266735364693909
0.0018,-0.0009,15.60648792571712,0.0038711835689990842,0.014551123095768621
0.0019,-0.0009,15.633837008203965,0.005456475540475687,0.013891765101086407
0.002,-0.0009,15.658342594160615,0.007060568686714369,0.013282485350045678
0.0021,-0.0009,15.678374228339454,0.008679144237003068,0.012718842690456469
0.0022,-0.0009,15.693540689114066,0.010277296080032004,0.012208508006395438
0.0023,-0.0009,15.704959413225385,0.01184541774699179,0.011742764976543824
0.0024,-0.0009,15.712276869254062,0.013383191648947395,0.011309933420937801
0.0025,-0.0009,15.716871389144325,0.014882731787331523,0.010891697352169324
0.0026,-0.0009,15.720429757834543,0.01636140680711538,0.010492196042043047
0.0027,-0.0009,15.721673704730954,0.017829894727737144,0.010126454787957328
0.0028,-0.0009,15.719781604458943,0.019274144388952145,0.009788581070257039
0.0029,-0.0009,15.715296139193873,0.020688617627809693,0.009466650711961991
0.003,-0.0009,15.708071768265434,0.02206708359751667,0.009146883158897513
0.0031,-0.0009,15.699322385462038,0.02340466446340234,0.008831470848258114
0.0032,-0.0009,15.689796594720772,0.024721505984049017,0.00852612572949045
0.0033,-0.0009,15.678556175002514,0.02603237809786277,0.00822972409846907
0.0034,-0.0009,15.664730152241477,0.02731943979900163,0.007946875817407759
0.0035,-0.0009,15.649085637134,0.028560497355172097,0.007677984392927752
0.0036,-0.0009,15.632951741725211,0.02976197652772452,0.007423451423602528
0.0037,-0.0009,15.616037883403774,0.030933198145547933,0.007186929493624865
0.0038,-0.0009,15.597841224662611,0.03206377785348651,0.006957381789710548
0.0039,-0.0009,15.578986645844896,0.03315633521470756,0.006732280778170462
0.004,-0.0009,15.559255239245308,0.034212642582647126,0.006515658806145704
0.0041,-0.0009,15.53915910892239,0.035239284672922616,0.006298198316981701
0.0042,-0.0009,15.51866504777373,0.03624681836673438,0.006075608875202078
0.0043,-0.0009,15.497638379334102,0.03722544448873701,0.005842233460870561
0.0044,-0.0009,15.477162751176866,0.03818642610120935,0.005602608387510961
0.0045,-0.0009,15.456356982638992,0.03912614363576825,0.005370671146901392
0.0046,-0.0009,15.435291162747422,0.040021896663734874,0.005146465015387046
0.0047,-0.0009,15.414690751090863,0.04087707830214533,0.00492029148678857
0.0048,-0.0009,15.394569066453917,0.04169692960236056,0.004688521484698421
0.0049,-0.0009,15.37507691191193,0.04248007273660803,0.004452973457435007
0.005,-0.0009,15.356391811617543,0.04322612156270003,0.004213244083764381
0.0051,-0.0009,15.338641970162675,0.04393529132896432,0.0039681781368840156
0.0052,-0.0009,15.322030884192316,0.044606226702846856,0.003717798047630775
0.0053,-0.0009,15.306839611585996,0.045234482592149294,0.0034608994777525527
0.0054,-0.0009,15.293300183162538,0.045820555660538026,0.003196788430172496
0.0055,-0.0009,15.281538665135406,0.046364570471460226,0.0029250845179657017
0.0056,-0.0009,15.271747797637305,0.0468632825826591,0.002644044291959996
0.0057,-0.0009,15.264116538941693,0.04731528760614432,0.002352115161044095
0.0058,-0.0009,15.258763458852183,0.047718551303940045,0.0020487148014942773
0.0059,-0.0009,15.255993010302316,0.048071200057469315,0.0017338686716246894
0.006,-0.0009,15.256098552811281,0.048370790704431794,0.001407924502218859
0.0061,-0.0009,15.259349367234536,0.048615703914389484,0.0010694048776731292
0.0062,-0.0009,15.265942746858444,0.04880212935858284,0.0007172310852312899
0.0063,-0.0009,15.276041444480212,0.04892989159455677,0.0003521931904497506
0.0064,-0.0009,15.290094856167636,0.04899578495433755,-2.9389798847853372e-05
0.0065,-0.0009,15.308361948285954,0.04899340966075239,-0.0004312252908899762
0.0066,-0.0009,15.33078140289606,0.04892608801570336,-0.0008514078603205488
0.0067,-0.0009,15.35769972402312,0.04878928178153413,-0.0012894447488973476
0.0068,-0.0009,15.389595824323125,0.04857536105559498,-0.0017459740159903687
0.0069,-0.0009,15.426756814533762,0.048281385570175875,-0.002222087639084928
0.007,-0.0009,15.469505641037617,0.047903314341464755,-0.0027222943996955077
0.0071,-0.0009,15.518123897113687,0.04743770667560666,-0.0032501487111852474
0.0072,-0.0009,15.572877500254991,0.046880502436482334,-0.0038068758525017943
0.0073,-0.0009,15.634034419805923,0.04622736596852307,-0.004393589210664762
0.0074,-0.0009,15.70187318778164,0.04547252461199486,-0.005012100673967384
0.0075,-0.0009,15.77670836838803,0.04461013008960799,-0.0056662919403882035
0.0076,-0.0009,15.858851192095546,0.043634425855392775,-0.006360768533396611
0.0077,-0.0009,15.948611364957708,0.04253866558649491,-0.007100506261709904
0.0078,-0.0009,16.04628458032288,0.04131643441679416,-0.007892280646885524
0.0079,-0.0009,16.15207545096603,0.039960044148507026,-0.008744759940852557
0.008,-0.0009,16.266211350102807,0.03846010463957571,-0.009669061917346938
0.0081,-0.0009,16.389013930080527,0.036806263948823026,-0.01067996937235983
0.0082,-0.0009,16.5208332774709,0.03498753181518393,-0.011798087498120648
0.0083,-0.0009,16.661923012267444,0.03299049566148038,-0.013051899395120952
0.0084,-0.0009,16.812495861555966,0.030799359384782145,-0.01448029959192499
0.0085,-0.0009,16.97283205790744,0.028387895731122832,-0.016139232234165884
0.0086,-0.0009,17.143425611211654,0.02572842022121842,-0.01809896773086915
0.0087,-0.0009,17.324108021822717,0.022799061359928523,-0.02044348677512917
0.0088,-0.0009,17.51527688434278,0.019585945816112674,-0.023277090663231345
0.0089,-0.0009,17.718376687288753,0.016105470596589986,-0.026674493488346426
0.009,-0.0009,17.9303709593357,0.012403063767504274,-0.030633680211322626
0.0091,-0.0009,18.149806808221108,0.008591705165821294,-0.03510939449281098
0.0092,-0.0009,18.37272863456853,0.004863828813741346,-0.039931720204292594
0.0093,-0.0009,18.590917223765167,0.001470957520169603,-0.04475988154025629
0.0094,-0.0009,18.768972295006638,-0.0011937562044599102,-0.04908609925160815
0.0095,-0.0009,18.902100570804414,-0.003324910621011374,-0.05205154467026135
0.0096,-0.0009,19.07827742023887,-0.0034436038811527635,-0.05223957063153052
0.0097,-0.0009,19.107675006758754,-0.003649268154097062,-0.04806242947326714
0.0098,-0.0009,19.09582009769421,-0.0031412621275304425,-0.03936477671106171
0.0099,-0.0009,19.213007644453544,-0.0007421312861659575,-0.022954869407577835
0.01,-0.0009,0.0,0.0,0.0
0.0,-0.0008,0.0,0.0,0.0
0.0001,-0.0008,14.678242493172156,-0.0011370969984295075,0.009783274229147475
0.0002,-0.0008,14.654470891624054,-0.0029534569872862538,0.01679562466540973
0.0003,-0.0008,14.64260685007764,-0.004888705456518004,0.021331368132277543
0.0004,-0.0008,14.670627664063979,-0.006712480564312884,0.023893372750896116
0.0005,-0.0008,14.749850251177989,-0.007867125238255316,0.024824602298985785
0.0006,-0.0008,14.811008958894597,-0.008391758565143107,0.024863777292378448
0.0007,-0.0008,14.884191328148205,-0.008697256254190388,0.024298239812685443
0.0008,-0.0008,15.008870413775515,-0.008377841994544546,0.023187489673242537
0.0009,-0.0008,15.098317993996815,-0.0073994745960854445,0.021950944240724683
0.001,-0.0008,15.183511845445205,-0.006168318646483763,0.020688193637077894
0.0011,-0.0008,15.274832864947184,-0.00470186519509392,0.01948701864218481
0.0012,-0.0008,15.3442294497264,-0.003014809407287131,0.01832169929846082
0.0013,-0.0008,15.399719912883633,-0.0013295044855634092,0.0172170458769585
0.0014,-0.0008,15.456980443756407,0.00035179834783164495,0.0161795312600863
0.0015,-0.0008,15.512580165528309,0.002137797469109013,0.015237061383295036
0.0016,-0.0008,15.559267217907111,0.004012416853229901,0.014383549430948054
0.0017,-0.0008,15.594235828686369,0.005844997977852239,0.013598233156865452
0.0018,-0.0008,15.626977509290136,0.007618476087415362,0.012874455474186962
0.0019,-0.0008,15.654806358295044,0.009392377666848348,0.012208046310813259
0.002,-0.0008,15.678127973369218,0.011152563758414542,0.011597594726008742
0.0021,-0.0008,15.698519799124568,0.012902019997590674,0.01104854528548993
0.0022,-0.0008,15.713875209787677,0.014624878007022772,0.010563109469711276
0.0023,-0.0008,15.725313054787591,0.0163048081542985,0.010120167404657881
0.0024,-0.0008,15.732537305655795,0.017941822813082063,0.00970321860400327
0.0025,-0.0008,15.737201374202076,0.01952751413678079,0.009311956220071051
0.0026,-0.0008,15.740073798987261,0.021081415768664864,0.008956800160873878
0.0027,-0.0008,15.739442759774029,0.022598798551303454,0.008633545598637297
0.0028,-0.0008,15.736218329773463,0.024061974943497155,0.008331299297061386
0.0029,-0.0008,15.731564247916923,0.02548281492541797,0.008036990666494152
0.003,-0.0008,15.725454647441842,0.0268774046967784,0.00774788540641253
0.0031,-0.0008,15.71711787943985,0.028234008201307583,0.007471006440787492
0.0032,-0.0008,15.706944220209744,0.029548436944318364,0.007200255291110543
0.0033,-0.0008,15.695538515562886,0.030845932888356267,0.006938929373800295
0.0034,-0.0008,15.68159852742001,0.03211590890747122,0.006699285335875207
0.0035,-0.0008,15.665815364270072,0.03333188062232598,0.006479706759822564
0.0036,-0.0008,15.649313392102684,0.03450342570925179,0.006278092137499789
0.0037,-0.0008,15.631867093393629,0.03563560141835803,0.006087932782804032
0.0038,-0.0008,15.614148115425271,0.03673515411348066,0.00589556284737292
0.0039,-0.0008,15.595504605997926,0.037815365747344516,0.005694961177523316
0.004,-0.0008,15.57504546012812,0.038864994748174474,0.005483895162544244
0.0041,-0.0008,15.554453433389565,0.03989059791674612,0.005266963922739751
0.0042,-0.0008,15.533895709622625,0.040898020089483955,0.005057341140010416
0.0043,-0.0008,15.513396649850451,0.041874842486366054,0.004857283763750991
0.0044,-0.0008,15.492820027061219,0.042819358819843036,0.004665320727751037
0.0045,-0.0008,15.471246310151267,0.04371576316291463,0.004480903801868132
0.0046,-0.0008,15.449846169577006,0.044560968914833986,0.004294245592286983
0.0047,-0.0008,15.429257824178427,0.04537287431066099,0.004102271032637103
0.0048,-0.0008,15.409150656253503,0.046153035226056696,0.003906909581187729
0.0049,-0.0008,15.389699857548909,0.046898264447994165,0.0037094228265031884
0.005,-0.0008,15.37105536570871,0.047608666768562735,0.0035069396937748003
0.0051,-0.0008,15.353393568283643,0.04828096433021574,0.003298886068417356
0.0052,-0.0008,15.336937362457865,0.04891474549697604,0.003086805785772396
0.0053,-0.0008,15.321851202795326,0.049508521801701094,0.0028686312476782767
0.0054,-0.0008,15.308311549165328,0.050061870254802576,0.0026443424405310128
0.0055,-0.0008,15.296524820003032,0.05057504718643289,0.0024149986102946918
0.0056,-0.0008,15.286723149666155,0.05104307399121627,0.002178921297836378
0.0057,-0.0008,15.279246748949205,0.05146472782135014,0.0019347240313083791
0.0058,-0.0008,15.274295512012156,0.051840181571752866,0.0016815436653680625
0.0059,-0.0008,15.271961710302962,0.05216903727110231,0.0014186701162774776
0.006,-0.0008,15.272435583840554,0.05244743543258549,0.0011463550988232262
0.0061,-0.0008,15.276036711789457,0.052675428308366516,0.0008630277343517677
0.0062,-0.0008,15.28299246999715,0.05284637851657659,0.0005672357873415001
0.0063,-0.0008,15.293510909868317,0.052961722799443806,0.0002597743040569499
0.0064,-0.0008,15.308000034411897,0.053020143418145295,-5.9633680022537754e-05
0.0065,-0.0008,15.326712050384177,0.0530122328371092,-0.0003916413196989371
0.0066,-0.0008,15.349931475603645,0.052940841521768534,-0.0007413611741535306
0.0067,-0.0008,15.377865060668833,0.052804345927706796,-0.0011105203971909258
0.0068,-0.0008,15.41058148880511,0.05259930542781991,-0.0014958685667299046
0.0069,-0.0008,15.448451864571098,0.052319333310073234,-0.0018970191270166812
0.007,-0.0008,15.492010544118385,0.05195826820387633,-0.0023150461656652015
0.0071,-0.0008,15.541634373545714,0.0515124836642404,-0.002753761411026474
0.0072,-0.0008,15.59753073261928,0.05097887029449037,-0.00321709345313425
0.0073,-0.0008,15.65999449148703,0.05035361119526,-0.0037067758492217336
0.0074,-0.0008,15.729302058851678,0.04963129953862727,-0.0042228988416931346
0.0075,-0.0008,15.805786377741798,0.04880567653609212,-0.004768606000462662
0.0076,-0.0008,15.889810267942783,0.04787068963134803,-0.005348163683840675
0.0077,-0.0008,15.981628485640892,0.046819437677815226,-0.005966104352623401
0.0078,-0.0008,16.08161640310797,0.04564432465862984,-0.006628518595819325
0.0079,-0.0008,16.19015662319476,0.044337420301293055,-0.007343375661478093
0.008,-0.0008,16.307584566255226,0.042889363368337784,-0.008121032358907923
0.0081,-0.0008,16.434281861511412,0.04128927474929307,-0.00897466599306
0.0082,-0.0008,16.57066900508325,0.03952467269811757,-0.009921715948081843
0.0083,-0.0008,16.71718324869027,0.03757977885227893,-0.010987037952739467
0.0084,-0.0008,16.87437394547125,0.03543616593283646,-0.012206030719964544
0.0085,-0.0008,17.042757508551375,0.033068909024541945,-0.013628884311639066
0.0086,-0.0008,17.223035652450324,0.030443038447278588,-0.015322761767901417
0.0087,-0.0008,17.416200248526515,0.02752190340391496,-0.01737837089874538
0.0088,-0.0008,17.623510549013123,0.024279733727087246,-0.019902596840768515
0.0089,-0.0008,17.84491007282454,0.020694934439408206,-0.02298209441216622
0.009,-0.0008,18.080174938881928,0.016774171619771305,-0.02669144892232702
0.0091,-0.0008,18.3299500369484,0.012602125912091028,-0.031058820964349504
0.0092,-0.0008,18.590942451425082,0.008305931122941139,-0.03594630374921747
0.0093,-0.0008,18.857814604235323,0.004101874700416108,-0.041083095777474314
0.0094,-0.0008,19.116202934185576,0.00019383731359441967,-0.04601926057027809
0.0095,-0.0008,19.37085050680215,-0.0031047046960799123,-0.05004508022613247
0.0096,-0.0008,19.668798544121316,-0.004449922529543198,-0.05108773752829581
0.0097,-0.0008,19.8900269051289,-0.0026276359010788198,-0.048813314484161124
0.0098,-0.0008,19.83682187491582,-0.0015792244733752432,-0.041519313926909586
0.0099,-0.0008,19.71588189387528,-0.0008328321740557024,-0.024489924875460797
0.01,-0.0008,0.0,0.0,0.0
0.0,-0.0007,0.0,0.0,0.0
0.0001,-0.0007,14.44083753565504,-0.0014547471443482475,0.01138832295449134
0.0002,-0.0007,14.426121609134011,-0.003618649732949416,0.01896461216880536
0.0003,-0.0007,14.429461265575425,-0.005739209747511668,0.02329935072913079
0.0004,-0.0007,14.486092745287507,-0.007567486088133423,0.02517782131932443
0.0005,-0.0007,14.616428687321925,-0.008258986795958576,0.02558185418087637
0.0006,-0.0007,14.69899668510953,-0.008312124648165773,0.025027326783253236
0.0007,-0.0007,14.81116700912752,-0.008410355203899727,0.02361862028170367
0.0008,-0.0007,14.98088182687765,-0.007176552289964451,0.022246311411162418
0.0009,-0.0007,15.068084009633363,-0.005345944904966637,0.02074075610249422
0.001,-0.0007,15.160129677252758,-0.0037366578862854344,0.01903274803129646
0.0011,-0.0007,15.259826955278966,-0.0018442813110178928,0.017683998004341825
0.0012,-0.0007,15.347349882600268,0.00019840391570309223,0.01641797740658761
0.0013,-0.0007,15.416792889591838,0.002331648427445218,0.015260546579827889
0.0014,-0.0007,15.476682537336504,0.004400269832836522,0.014212745349371114
0.0015,-0.0007,15.531152304832759,0.006459276003957598,0.013268715906662914
0.0016,-0.0007,15.579672684807198,0.008573776424033987,0.012424049817956546
0.0017,-0.0007,15.617890319159514,0.01065149157260896,0.011655159662210547
0.0018,-0.0007,15.650572646486657,0.012625274328015218,0.010953103365831414
0.0019,-0.0007,15.679462056309898,0.014557710372803637,0.0103219282690667
0.002,-0.0007,15.70266591165219,0.016459847662205946,0.009768889573750808
0.0021,-0.0007,15.720870936574943,0.018304636379834423,0.009284003410081619
0.0022,-0.0007,15.734558282009754,0.020075515549385012,0.008851567758395936
0.0023,-0.0007,15.745381466526094,0.02178184110589712,0.008456554109797093
0.0024,-0.0007,15.753074320750075,0.023438770909299668,0.008089417507411172
0.0025,-0.0007,15.75802457520052,0.025034773997709394,0.007758073643666448
0.0026,-0.0007,15.760446288974824,0.026579235412317086,0.007463632626960065
0.0027,-0.0007,15.759555535718679,0.028077309779586036,0.007190443895752242
0.0028,-0.0007,15.755656655871386,0.02951098889470725,0.0069286924253823745
0.0029,-0.0007,15.750723771554807,0.030896152590315615,0.006671059014867357
0.003,-0.0007,15.744695843887396,0.0322542959538049,0.006425193079236396
0.0031,-0.0007,15.736804110268087,0.03357901820828705,0.006189271899753372
0.0032,-0.0007,15.727139061657216,0.034881048478799366,0.005942210551179476
0.0033,-0.0007,15.714920490819896,0.036166754787632024,0.005704234745307538
0.0034,-0.0007,15.699913545472613,0.0374052223731452,0.005493669408187221
0.0035,-0.0007,15.683483175797775,0.03859546445295592,0.005293783808834827
0.0036,-0.0007,15.665829314556929,0.03975427376763158,0.005106384430669422
0.0037,-0.0007,15.647368909220425,0.040868574000548136,0.004942708653010453
0.0038,-0.0007,15.62968611112839,0.04194312081784973,0.004789536381631054
0.0039,-0.0007,15.612101468596311,0.043014508176483765,0.00461906031100189
0.004,-0.0007,15.592562439347905,0.044069731304282746,0.004432598629527364
0.0041,-0.0007,15.571425741523992,0.04508007480497736,0.004251808735236726
0.0042,-0.0007,15.5493024059946,0.04602435986834087,0.00408913372168384
0.0043,-0.0007,15.527727539151277,0.04690783822647253,0.0039433280274639385
0.0044,-0.0007,15.50709636021592,0.04777238138574298,0.0037994866600930366
0.0045,-0.0007,15.485622137536268,0.048608065210552574,0.0036475545516208366
0.0046,-0.0007,15.464353823026679,0.04940610510617728,0.0034881322611424776
0.0047,-0.0007,15.44374044941689,0.05017444671344719,0.0033271671008891714
0.0048,-0.0007,15.423548794758373,0.05091186956009164,0.003165264569538537
0.0049,-0.0007,15.403980544693276,0.051614873260271706,0.003002433398051661
0.005,-0.0007,15.385237102370455,0.05228299220978762,0.0028355117678435285
0.0051,-0.0007,15.367583044178398,0.05291473901401243,0.002664447242420264
0.0052,-0.0007,15.351253882951347,0.05350896115368488,0.0024940806342165734
0.0053,-0.0007,15.336276770167084,0.05406737309537328,0.0023189547848602777
0.0054,-0.0007,15.322782330977688,0.05458814628341015,0.002133643714168432
0.0055,-0.0007,15.311129642081466,0.05506846957592402,0.0019434204297032562
0.0056,-0.0007,15.301513294865114,0.055506740554404396,0.0017481465383405597
0.0057,-0.0007,15.294147476842305,0.05590206117031781,0.001546061652820856
0.0058,-0.0007,15.289272693186978,0.05625549161645152,0.0013384206438674174
0.0059,-0.0007,15.287014757887722,0.05656573523196473,0.0011234335565251164
0.006,-0.0007,15.287618113509035,0.056825949538737215,0.0009003442911129369
0.0061,-0.0007,15.29153144524981,0.05703851600242074,0.0006687783787851849
0.0062,-0.0007,15.298872746118356,0.05719863807856486,0.0004275270435756466
0.0063,-0.0007,15.309783089186167,0.05730708435909641,0.000175820963600851
0.0064,-0.0007,15.32469389671372,0.05736165787746337,-8.68775878554769e-05
0.0065,-0.0007,15.343720157251205,0.05735541161816863,-0.00035926916537612355
0.0066,-0.0007,15.36725478068021,0.05728915416338572,-0.0006421969208140364
0.0067,-0.0007,15.395738660159909,0.05715625859583752,-0.0009376269244545341
0.0068,-0.0007,15.429371075630437,0.056957654915267004,-0.0012505547652668935
0.0069,-0.0007,15.468212324457,0.05669276902390002,-0.001581474082807388
0.007,-0.0007,15.512458566318113,0.056355292499023185,-0.0019240083628688292
0.0071,-0.0007,15.56268707027071,0.05593604900987421,-0.002279583762867813
0.0072,-0.0007,15.619397040764397,0.055431342682930526,-0.0026553036401139986
0.0073,-0.0007,15.682853359672084,0.05483899884777268,-0.0030527339557605
0.0074,-0.0007,15.753295689261511,0.05415434630530508,-0.0034705617604188577
0.0075,-0.0007,15.83104664555314,0.05337153730366405,-0.003912147493180514
0.0076,-0.0007,15.916468970089461,0.052484145858013795,-0.004381183210745259
0.0077,-0.0007,16.00995656124382,0.05148553304899187,-0.0048820144904909105
0.0078,-0.0007,16.111895050720598,0.05036816257162418,-0.005419756045365539
0.0079,-0.0007,16.222702581935444,0.049123682418105184,-0.006000964383109161
0.008,-0.0007,16.342826411818482,0.04774250556597613,-0.00663453186934268
0.0081,-0.0007,16.472768732070755,0.046213369943312384,-0.007332155326920384
0.0082,-0.0007,16.613102811088755,0.04452299535644858,-0.008109452783962693
0.0083,-0.0007,16.764477500097982,0.04265508847433483,-0.008987967176345956
0.0084,-0.0007,16.927660828458865,0.04058901640353685,-0.009997337295340834
0.0085,-0.0007,17.103556249595055,0.038297877566105115,-0.011180698274066345
0.0086,-0.0007,17.293291302522572,0.03574645704630553,-0.012598852838041845
0.0087,-0.0007,17.49817123853496,0.03289045883169093,-0.014332803770116571
0.0088,-0.0007,17.719778107072354,0.029680169688941053,-0.016486634640836936
0.0089,-0.0007,17.959565167163262,0.026062635110737177,-0.01917959918513501
0.009,-0.0007,18.220046554314155,0.022018099073327014,-0.02253138505421533
0.0091,-0.0007,18.50206322017227,0.017573050125888355,-0.026616191662437668
0.0092,-0.0007,18.804133832496714,0.012821418348486133,-0.03137037969705571
0.0093,-0.0007,19.1234643670688,0.007986511353562525,-0.03659212091819968
0.0094,-0.0007,19.455888649469404,0.0032963482945293494,-0.04187241129688712
0.0095,-0.0007,19.80281926097383,-0.0004618991553127005,-0.04627006200199757
0.0096,-0.0007,20.014365400389593,-0.0032960836953470443,-0.0488008285528789
0.0097,-0.0007,20.18186249806014,-0.0038367836212296917,-0.047598751019524564
0.0098,-0.0007,20.349541473998336,-0.002261816726556857,-0.04085105031386099
0.0099,-0.0007,20.369553565989307,-0.0012387751950805666,-0.02554456223009636
0.01,-0.0007,0.0,0.0,0.0
0.0,-0.0006,0.0,0.0,0.0
0.0001,-0.0006,14.106410299286981,-0.0018755227597408645,0.013473431415302911
0.0002,-0.0006,14.116192985669045,-0.0044455619922792325,0.021542624306921946
0.0003,-0.0006,14.169138323890909,-0.0067882530834539575,0.025440054914697054
0.0004,-0.0006,14.298959334317153,-0.008105592145080135,0.026395558577585864
0.0005,-0.0006,14.448384579099226,-0.007918445974097727,0.02600251502101129
0.0006,-0.0006,14.579247920660267,-0.0074964377195540464,0.024549797122271434
0.0007,-0.0006,14.763892501146419,-0.006899635216718626,0.022293826610748375
0.0008,-0.0006,14.94407052925857,-0.0044807479377336114,0.02041735876642299
0.0009,-0.0006,15.062589172490204,-0.0017345089814496284,0.01868669006292987
0.001,-0.0006,15.17961511278292,0.0005719062727110074,0.01700267160178048
0.0011,-0.0006,15.271218674640085,0.003059935927967481,0.015498164840512592
0.0012,-0.0006,15.358169744491146,0.005335358848900361,0.014170268215028587
0.0013,-0.0006,15.435865017353937,0.007722216873452744,0.013004520879837203
0.0014,-0.0006,15.500823407855213,0.010041413730019419,0.011987541150141862
0.0015,-0.0006,15.556194585660984,0.012276387515241613,0.011081976810639119
0.0016,-0.0006,15.603896849579,0.014488953546535004,0.010278522143160192
0.0017,-0.0006,15.643906372211445,0.016665108931802997,0.009570487917269518
0.0018,-0.0006,15.677164405742197,0.018744602854265064,0.008947301020648704
0.0019,-0.0006,15.70520187703747,0.020729240086619208,0.008397541040189388
0.002,-0.0006,15.72853664661375,0.022646913124176767,0.007916427955716936
0.0021,-0.0006,15.746555180994553,0.024500304498855645,0.007496001931626001
0.0022,-0.0006,15.759438972722117,0.02625898105113585,0.007117760190992198
0.0023,-0.0006,15.769665128237564,0.027933835275343002,0.006778145212870844
0.0024,-0.0006,15.777357296505603,0.029562020134939342,0.006480001401377168
0.0025,-0.0006,15.781829066492023,0.031139809904632602,0.006215246954386692
0.0026,-0.0006,15.783393194861443,0.032666711339103593,0.005965695778038961
0.0027,-0.0006,15.782424149961598,0.03415798142182319,0.005724875691944084
0.0028,-0.0006,15.77865093622755,0.03560522216204986,0.005492112102557502
0.0029,-0.0006,15.773257394797385,0.03701119376787983,0.005271144888291331
0.003,-0.0006,15.766033855161787,0.038381062778240466,0.0050597748749468185
0.0031,-0.0006,15.757413165004225,0.03969835811541703,0.004851345549579374
0.0032,-0.0006,15.74859024530566,0.041011071265859865,0.004648778946537684
0.0033,-0.0006,15.735784551845338,0.042300167195616974,0.004469131619156868
0.0034,-0.0006,15.719266858419859,0.04349079133368051,0.004301386821283085
0.0035,-0.0006,15.702340480566855,0.04462228015429148,0.004133551946829312
0.0036,-0.0006,15.683429386760398,0.04571688487619655,0.00398387940587049
0.0037,-0.0006,15.66269266039904,0.046730682850626044,0.0038559188953394678
0.0038,-0.0006,15.643640265533856,0.047689987932923436,0.0037296891505603355
0.0039,-0.0006,15.626490504145805,0.0486722205384641,0.0035980149056548923
0.004,-0.0006,15.607891668446948,0.04965733695393761,0.0034710144288467287
0.0041,-0.0006,15.58727900973503,0.0505992087291295,0.0033514634504608434
0.0042,-0.0006,15.56508040830751,0.051476223622688576,0.0032311316449211013
0.0043,-0.0006,15.542631740554995,0.05228986380405435,0.0031053526681217064
0.0044,-0.0006,15.5214278652322,0.05308846342052211,0.002979002757900898
0.0045,-0.0006,15.500164045074053,0.05387677533237199,0.002850292698701527
0.0046,-0.0006,15.478897901190495,0.054635034779086614,0.0027220882137360875
0.0047,-0.0006,15.458018048194884,0.05535941462434212,0.0025953350525834743
0.0048,-0.0006,15.437650195642567,0.0560512834821624,0.0024675939081790794
0.0049,-0.0006,15.417978744701907,0.05671041672863659,0.0023377560322498446
0.005,-0.0006,15.399192211115565,0.05733629694342754,0.00220536145885791
0.0051,-0.0006,15.381442457868511,0.05792903790040595,0.002070418388296464
0.0052,-0.0006,15.36490373205172,0.05848780600079716,0.001933726454928286
0.0053,-0.0006,15.349777709258648,0.059011984082818165,0.0017925375236586853
0.0054,-0.0006,15.336303188699606,0.05949882497318815,0.0016448840616018546
0.0055,-0.0006,15.324787734672306,0.059947219605407887,0.0014964587774087905
0.0056,-0.0006,15.315365089102048,0.06035944493055522,0.0013471625752044575
0.0057,-0.0006,15.308053947330079,0.06073402935530683,0.0011895568777465246
0.0058,-0.0006,15.303123701213543,0.061067364483976386,0.0010218682541968589
0.0059,-0.0006,15.300990965083948,0.06135786974997117,0.0008489278589819498
0.006,-0.0006,15.301818398906317,0.06160155632794217,0.0006707239884361291
0.0061,-0.0006,15.30591629341074,0.061801142914274354,0.000485433219352351
0.0062,-0.0006,15.313387861598681,0.06195394561361308,0.00029529135305237845
0.0063,-0.0006,15.324482944832294,0.06205734136386975,9.697512815652407e-05
0.0064,-0.0006,15.33968359939144,0.062108027961200254,-0.00011072098134868379
0.0065,-0.0006,15.359064586012508,0.062102664655064165,-0.00032697064684485946
0.0066,-0.0006,15.382854719291432,0.062042565568948604,-0.0005518954300586058
0.0067,-0.0006,15.411468291607536,0.06192031905719191,-0.0007848210783889959
0.0068,-0.0006,15.445355906553903,0.061732689673446195,-0.0010272739118339486
0.0069,-0.0006,15.484799707139464,0.06147870550414251,-0.0012827811162912529
0.007,-0.0006,15.529851402898283,0.06115901772892918,-0.0015523627039997843
0.0071,-0.0006,15.580688936000529,0.06076762334389374,-0.0018318297656916697
0.0072,-0.0006,15.637904866315381,0.060296168116515815,-0.0021248439293615404
0.0073,-0.0006,15.701941454362993,0.05974068722041594,-0.0024347269884884507
0.0074,-0.0006,15.773079288284515,0.05909784830739318,-0.002760273788450985
0.0075,-0.0006,15.851680307095698,0.05836292331345739,-0.003104150808867639
0.0076,-0.0006,15.938097032752545,0.057530194519506805,-0.0034691952310951174
0.0077,-0.0006,16.032734120593055,0.05659315591936802,-0.0038587979844853224
0.0078,-0.0006,16.13603323303688,0.05554451693648094,-0.004277405016695745
0.0079,-0.0006,16.248479788490467,0.054376064537553455,-0.004730734468374121
0.008,-0.0006,16.37061341612343,0.05307833995088223,-0.00522625657514117
0.0081,-0.0006,16.50304571235803,0.05164015809165883,-0.0057737622457479576
0.0082,-0.0006,16.646485215460377,0.05004807282161176,-0.006386247308021424
0.0083,-0.0006,16.801767471164926,0.04828540628658898,-0.007081421487879725
0.0084,-0.0006,16.96989981327992,0.046330945428762475,-0.007883904752938063
0.0085,-0.0006,17.152100914615588,0.04415694367737583,-0.008828570996969558
0.0086,-0.0006,17.34988865297986,0.04172630218842638,-0.0099654131960297
0.0087,-0.0006,17.56514746466677,0.03898953866946636,-0.011365725863109842
0.0088,-0.0006,17.80026948936313,0.035883512940507276,-0.013127679508738723
0.0089,-0.0006,18.05818769173489,0.03233534909378409,-0.015376178713593402
0.009,-0.0006,18.34255145522298,0.02828791243673911,-0.018244317987005765
0.0091,-0.0006,18.656075616573776,0.023699689898111942,-0.02185971736834368
0.0092,-0.0006,19.00165723221416,0.018604907412429258,-0.026274970921391326
0.0093,-0.0006,19.378851561215154,0.013144390149319013,-0.0314339723759978
0.0094,-0.0006,19.783884365554503,0.007786757543289133,-0.03706803393667287
0.0095,-0.0006,20.173666228087324,0.002780093506830676,-0.04229371007145201
0.0096,-0.0006,20.575560821802263,-0.0008146569823166631,-0.04654251431558402
0.0097,-0.0006,20.829524565242533,-0.003990693167013245,-0.04827273079159005
0.0098,-0.0006,21.0095585263699,-0.004815445498615188,-0.043026413148384506
0.0099,-0.0006,21.187487376837854,-0.0023095487528819233,-0.026891911933184
0.01,-0.0006,0.0,0.0,0.0
0.0,-0.0005,0.0,0.0,0.0
0.0001,-0.0005,13.602574053579788,-0.00250806420775108,0.015849475032072395
0.0002,-0.0005,13.668437940770817,-0.005523884246341511,0.024188325700472257
0.0003,-0.0005,13.802049018777288,-0.007601920865388248,0.027232013540597875
0.0004,-0.0005,14.038739171782993,-0.007875862047075943,0.027096969603908963
0.0005,-0.0005,14.264582793515878,-0.006420945343386861,0.025392481047297674
0.0006,-0.0005,14.487889457148961,-0.004986040947313002,0.02262337009409131
0.0007,-0.0005,14.72769361181732,-0.002870331722029016,0.019974338989000185
0.0008,-0.0005,14.911466463490152,0.00044037392335524744,0.01772555730923051
0.0009,-0.0005,15.068861104893882,0.0037593091252382774,0.015727523547483406
0.001,-0.0005,15.206192936939441,0.006932052940962295,0.014267953951336364
0.0011,-0.0005,15.310861592948756,0.009996831503483513,0.012865435126454954
0.0012,-0.0005,15.399890834379775,0.012741604240665063,0.011639777177745558
0.0013,-0.0005,15.474831211512441,0.015393988028613708,0.010575230960040302
0.0014,-0.0005,15.538472210089514,0.017884410405023605,0.009658916740313061
0.0015,-0.0005,15.593076590959063,0.02024408510863216,0.008847235565863311
0.0016,-0.0005,15.639567349224741,0.022482515583955424,0.008115612615876329
0.0017,-0.0005,15.678819970068066,0.02462518823652759,0.0074789464214691246
0.0018,-0.0005,15.711779509696264,0.026677370158822194,0.006944678398379977
0.0019,-0.0005,15.738652973609346,0.028623265810176043,0.006491593849324194
0.002,-0.0005,15.760075037257634,0.030473786516762445,0.006095744775964904
0.0021,-0.0005,15.776717779664878,0.032245661760026155,0.00574407070233461
0.0022,-0.0005,15.788711385005286,0.03393036855838198,0.005428053014445621
0.0023,-0.0005,15.797255759019222,0.03552418140265061,0.0051470571886366185
0.0024,-0.0005,15.803133601897589,0.03705413015564286,0.0048983251161471885
0.0025,-0.0005,15.806338004614949,0.038552481422395236,0.004667983278152577
0.0026,-0.0005,15.80678979368896,0.04002305049577422,0.004448531506496364
0.0027,-0.0005,15.80465675552018,0.04145305243941715,0.004244386503440929
0.0028,-0.0005,15.80032073645192,0.042839716913612706,0.004053292657573236
0.0029,-0.0005,15.794121823317397,0.044179628214510325,0.00387830909340552
0.003,-0.0005,15.78607215724398,0.04547448876511879,0.003715375032770845
0.0031,-0.0005,15.776440986742584,0.04670407161881932,0.0035632251825825525
0.0032,-0.0005,15.766384949110225,0.04790380086988381,0.003439085177355176
0.0033,-0.0005,15.753357533037853,0.04907666173122718,0.0033307884690013004
0.0034,-0.0005,15.737419761244341,0.050169690878895626,0.003217201225957967
0.0035,-0.0005,15.720883891645821,0.05120707476189954,0.0031103793546151883
0.0036,-0.0005,15.702197602626722,0.05220734493093942,0.00300964813327974
0.0037,-0.0005,15.681449324606717,0.05313671307133246,0.0028962717629794615
0.0038,-0.0005,15.66154953246335,0.05401384830166885,0.0027777296843004722
0.0039,-0.0005,15.642750619031931,0.05489454137506444,0.0026768621843958423
0.004,-0.0005,15.622865254072424,0.05577431893310846,0.002588077326376
0.0041,-0.0005,15.601881455480136,0.056633262871708646,0.002497609477919185
0.0042,-0.0005,15.580209446354786,0.05746366213553922,0.00239791396714226
0.0043,-0.0005,15.5582364190686,0.05825647630528602,0.002293726728698806
0.0044,-0.0005,15.536383390106366,0.05901377264256038,0.002197698277241025
0.0045,-0.0005,15.514606501838603,0.05974279825560557,0.0021043359487714687
0.0046,-0.0005,15.493061244305457,0.0604427298233774,0.002009829082942796
0.0047,-0.0005,15.471936568787234,0.06111287356005336,0.001914273661447421
0.0048,-0.0005,15.451367375179473,0.06175344991100271,0.0018175040403261662
0.0049,-0.0005,15.43151187972668,0.06236405658987249,0.001719298814504877
0.005,-0.0005,15.412545736304285,0.06294413196695715,0.001619461280439685
0.0051,-0.0005,15.394650217710682,0.06349302153928538,0.0015175618124558608
0.0052,-0.0005,15.378014328681264,0.06401014220111916,0.0014127345302320643
0.0053,-0.0005,15.362852474426028,0.06449445100701592,0.0013051550051308492
0.0054,-0.0005,15.349338691801348,0.06494495264558225,0.0011946059280890787
0.0055,-0.0005,15.337625375924652,0.06536125501656018,0.0010817495633554481
0.0056,-0.0005,15.32794518833366,0.06574290785426024,0.0009674098270372377
0.0057,-0.0005,15.320514006223938,0.06608812880690669,0.0008467437968944373
0.0058,-0.0005,15.31563422510602,0.06639286450217236,0.000717732535012372
0.0059,-0.0005,15.313676787615693,0.06665712242857993,0.0005887065375874372
0.006,-0.0005,15.314646403130094,0.06688205837308235,0.0004590267875385658
0.0061,-0.0005,15.318723557335419,0.06706582938594503,0.0003198061070135362
0.0062,-0.0005,15.326042470460125,0.06720351969560912,0.00017460394330728567
0.0063,-0.0005,15.337278755356042,0.06729349967536155,2.5216145903285192e-05
0.0064,-0.0005,15.352645514083838,0.06733597280799035,-0.0001302583283852946
0.0065,-0.0005,15.372036681350785,0.06732667155131752,-0.00029142101636623377
0.0066,-0.0005,15.396086388113039,0.0672637681738522,-0.00046052675021663084
0.0067,-0.0005,15.424935131316554,0.06714679026344005,-0.000637340527755354
0.0068,-0.0005,15.458802109029739,0.06697155290516728,-0.000818729489972685
0.0069,-0.0005,15.498151507493441,0.0667313691066581,-0.0010066586319065975
0.007,-0.0005,15.5434633759249,0.06642590838662185,-0.001206338533884533
0.0071,-0.0005,15.594790070838656,0.06605655321910882,-0.0014134566882234377
0.0072,-0.0005,15.652303185312697,0.06561708160820684,-0.0016287617688090425
0.0073,-0.0005,15.716579272302777,0.06510065585772778,-0.0018571114408976882
0.0074,-0.0005,15.788046428823709,0.06450394492614625,-0.0020973509179946855
0.0075,-0.0005,15.867035541330527,0.06382303317049076,-0.002350688268536401
0.0076,-0.0005,15.953930501624622,0.06305290818502474,-0.0026193201340008795
0.0077,-0.0005,16.04916916437497,0.06218777286119267,-0.002906052743466642
0.0078,-0.0005,16.153231515214937,0.06122101855949516,-0.0032144294929434816
0.0079,-0.0005,16.2666534707714,0.060144984637423626,-0.0035490068437259298
0.008,-0.0005,16.390046380590984,0.058950664381359104,-0.003915741709559013
0.0081,-0.0005,16.524119440184464,0.057627272555565476,-0.00432246620177384
0.0082,-0.0005,16.66971187338959,0.05616166230083785,-0.0047795591404846995
0.0083,-0.0005,16.827830505722414,0.05453743508335727,-0.005301000195281826
0.0084,-0.0005,16.999704216506153,0.05273360850019589,-0.005905979933495867
0.0085,-0.0005,17.186851292434504,0.050722557046248465,-0.006621596242616275
0.0086,-0.0005,17.391181679116045,0.0484671983970528,-0.007486889126425853
0.0087,-0.0005,17.615104510638503,0.04591688153802553,-0.008558543311388422
0.0088,-0.0005,17.861741899030136,0.04300384424271446,-0.00991794996790661
0.0089,-0.0005,18.135063765212017,0.03964048605714058,-0.0116760936941456
0.009,-0.0005,18.440196189659833,0.03572931962199206,-0.013971522634472886
0.0091,-0.0005,18.782968346722775,0.031170836892250833,-0.016964529098199805
0.0092,-0.0005,19.170612221411304,0.02589614248668671,-0.020793036437889333
0.0093,-0.0005,19.60908366248556,0.019958393132869852,-0.025541949428473307
0.0094,-0.0005,20.099454211806222,0.013605956276007114,-0.03115005768995763
0.0095,-0.0005,20.62165587006421,0.007205575738591523,-0.037248028201679606
0.0096,-0.0005,21.166220468435657,0.0018254580291766406,-0.04249328452295145
0.0097,-0.0005,21.690726891759525,-0.00205509278267595,-0.04547842092414383
0.0098,-0.0005,22.018882245105658,-0.0051061202494181775,-0.043517613734236786
0.0099,-0.0005,22.160331977324425,-0.0034001892072986362,-0.029519374156622587
0.01,-0.0005,0.0,0.0,0.0
0.0,-0.0004,0.0,0.0,0.0
0.0001,-0.0004,12.86884975322474,-0.0034264409497852077,0.018849095512967734
0.0002,-0.0004,13.07867105684024,-0.006572838346169699,0.026523500396852917
0.0003,-0.0004,13.379293204665808,-0.00709905172638495,0.02755926763641106
0.0004,-0.0004,13.76195098149629,-0.005838125028273395,0.02561102124903324
0.0005,-0.0004,14.134130679345917,-0.002666358867857576,0.02261071509634021
0.0006,-0.0004,14.460157825918193,0.0007242605995757994,0.01931609652608236
0.0007,-0.0004,14.732861461961042,0.00437679895596115,0.01666069981430953
0.0008,-0.0004,14.938372277277772,0.008392751194001761,0.014362206682462735
0.0009,-0.0004,15.110478809984066,0.012036184126137169,0.01247266563957926
0.001,-0.0004,15.248122610350782,0.01567372786975373,0.011068844306015728
0.0011,-0.0004,15.359350072015411,0.01906817846576931,0.009819128131468543
0.0012,-0.0004,15.452743630237684,0.022189493951282762,0.008752345099300401
0.0013,-0.0004,15.528973027608915,0.025090740647128757,0.007843576756216459
0.0014,-0.0004,15.590710768873137,0.027757782487531333,0.0070855071755899154
0.0015,-0.0004,15.642490340294442,0.030228019142985355,0.006440635607936841
0.0016,-0.0004,15.686318799065297,0.03250138308457173,0.005884022466660448
0.0017,-0.0004,15.722507275736152,0.03460751994530715,0.005406111633403858
0.0018,-0.0004,15.75249047416899,0.03658012699450645,0.004999931022198926
0.0019,-0.0004,15.776910603553567,0.03842820386653856,0.004651451088654033
0.002,-0.0004,15.796181084703612,0.040174190823424875,0.004350133729284553
0.0021,-0.0004,15.811018388275793,0.041829543721200735,0.004088122264678805
0.0022,-0.0004,15.82172385009027,0.0434001012892125,0.0038540497097598247
0.0023,-0.0004,15.828750626422298,0.044885299020959515,0.0036402960809356834
0.0024,-0.0004,15.832554996888176,0.046288503768971784,0.003440778986016074
0.0025,-0.0004,15.834066469076179,0.047636163137819494,0.003255629374234585
0.0026,-0.0004,15.833456746973392,0.04894436386245045,0.003089056675439826
0.0027,-0.0004,15.830289959686034,0.050202873617272464,0.0029408937068836657
0.0028,-0.0004,15.824898160207841,0.05140830472701755,0.0028071393836021316
0.0029,-0.0004,15.81771128835524,0.0525603550006227,0.0026840830945484948
0.003,-0.0004,15.808931368030683,0.05366580823802342,0.0025717022127272624
0.0031,-0.0004,15.798479243968377,0.054723635789393085,0.002472835380412588
0.0032,-0.0004,15.786260981191395,0.05574336863162205,0.002393408266032292
0.0033,-0.0004,15.77198418529528,0.056743065675856776,0.0023164477630833414
0.0034,-0.0004,15.755926952800776,0.057714340737358386,0.0022349895692011005
0.0035,-0.0004,15.738559175705053,0.058653725923033764,0.0021568862269731102
0.0036,-0.0004,15.719872776841026,0.05957089078430786,0.0020709872512846036
0.0037,-0.0004,15.700277674907422,0.06045579829723287,0.001974309892958133
0.0038,-0.0004,15.680407600690929,0.06129522978097867,0.0018863650680863505
0.0039,-0.0004,15.660212873230673,0.062100043932119035,0.0018174125428220302
0.004,-0.0004,15.63924551758496,0.06288344067098135,0.0017559628225530194
0.0041,-0.0004,15.617571130297863,0.06364543913548047,0.0016950946582709467
0.0042,-0.0004,15.595458822272672,0.06438300988515837,0.001631746677189253
0.0043,-0.0004,15.573189544475962,0.06509200831716701,0.0015652948915971584
0.0044,-0.0004,15.550971662335124,0.06577144168910044,0.0014980441119494012
0.0045,-0.0004,15.528887522653596,0.06642351687944752,0.00143052717587923
0.0046,-0.0004,15.507056812021014,0.0670487150526817,0.0013627780353327654
0.0047,-0.0004,15.485631599402254,0.0676468227964561,0.0012948407360887774
0.0048,-0.0004,15.464770380115752,0.06821762098821435,0.0012264108730925104
0.0049,-0.0004,15.444641836847486,0.06876079447402658,0.0011570758196448878
0.005,-0.0004,15.425417732906846,0.06927581679951564,0.0010865553983293356
0.0051,-0.0004,15.407281748933434,0.0697624140959345,0.0010145193930528186
0.0052,-0.0004,15.390418461592049,0.07021915637924094,0.0009412353110575362
0.0053,-0.0004,15.375015688143888,0.07064594862345391,0.0008664910476431235
0.0054,-0.0004,15.361271905282589,0.07104240598424197,0.0007894153886628018
0.0055,-0.0004,15.349380280864613,0.07140688520984996,0.0007095893079358898
0.0056,-0.0004,15.339575284392424,0.07173867873485885,0.0006272021492852053
0.0057,-0.0004,15.332075937905001,0.07203640010365454,0.00054132566072648
0.0058,-0.0004,15.327073663095053,0.07229940806486083,0.00045154987469532093
0.0059,-0.0004,15.32474740655234,0.07252476600551118,0.0003610121624507531
0.006,-0.0004,15.32537359088744,0.07271536271210302,0.000271411705771072
0.0061,-0.0004,15.329366836028395,0.07286525470057742,0.00017315804058991443
0.0062,-0.0004,15.336817845842317,0.07297266953308286,7.167713578676036e-05
0.0063,-0.0004,15.34785506734374,0.07303980357830739,-3.2062274643795694e-05
0.0064,-0.0004,15.362963431894082,0.07306070939117804,-0.00014069622514805043
0.0065,-0.0004,15.382315022279993,0.07303703903072536,-0.00025127201695644393
0.0066,-0.0004,15.406196272130705,0.0729662194986815,-0.00036919444728462843
0.0067,-0.0004,15.434927916915795,0.07284497592578112,-0.0004905551918609887
0.0068,-0.0004,15.468745338982329,0.07267097274234019,-0.0006156462760283949
0.0069,-0.0004,15.508012726592261,0.07244237155544812,-0.0007464589951354076
0.007,-0.0004,15.553026720416609,0.07215566947598713,-0.0008831283854374454
0.0071,-0.0004,15.60418587569655,0.0718085460958894,-0.001024149370779211
0.0072,-0.0004,15.66171594484054,0.07140030956107614,-0.0011711814341503572
0.0073,-0.0004,15.725917329579499,0.07092654487416884,-0.0013265532782180687
0.0074,-0.0004,15.79726604300036,0.07038273714685944,-0.0014899532856301866
0.0075,-0.0004,15.876158237548054,0.06976530829489241,-0.0016622760134089108
0.0076,-0.0004,15.963000537946629,0.06907014121125683,-0.0018449962726255116
0.0077,-0.0004,16.058249001130388,0.0682923305220273,-0.00204009599943671
0.0078,-0.0004,16.16241291364125,0.06742613616862055,-0.0022501867772962525
0.0079,-0.0004,16.27606963750914,0.06646476994157112,-0.0024786752779263474
0.008,-0.0004,16.399886558552783,0.06540008582596661,-0.00273000465897043
0.0081,-0.0004,16.534647632005793,0.06422216461031299,-0.003009991901144179
0.0082,-0.0004,16.68129151996809,0.06291873747139544,-0.003326306636250084
0.0083,-0.0004,16.84095970370607,0.061474355112458204,-0.0036891943476959595
0.0084,-0.0004,17.015061610138883,0.05986917696651429,-0.004112605338390664
0.0085,-0.0004,17.205359449845457,0.058077104658164604,-0.004616000720958906
0.0086,-0.0004,17.414086243380478,0.05606297517562305,-0.005227280185811634
0.0087,-0.0004,17.64410741485556,0.05377834495349699,-0.005987464491851
0.0088,-0.0004,17.89915942018471,0.051156039470583045,-0.00695714858230825
0.0089,-0.0004,18.184139424845835,0.04810387470342172,-0.008224566226037844
0.009,-0.0004,18.505591570513566,0.04450176931211158,-0.009911184585223207
0.0091,-0.0004,18.872044934423524,0.04020561923641038,-0.012174268650048886
0.0092,-0.0004,19.294706542817412,0.03506684974398711,-0.015188509606671277
0.0093,-0.0004,19.785795379707153,0.028980270668622184,-0.019123092363349185
0.0094,-0.0004,20.360531417209398,0.02196003337482982,-0.024125570481079973
0.0095,-0.0004,21.024372312410662,0.01421488986160341,-0.030183592921077525
0.0096,-0.0004,21.762858773321742,0.006800326325946034,-0.03660512280250163
0.0097,-0.0004,22.429428781737222,0.0008974852579181295,-0.041117337267062085
0.0098,-0.0004,23.07480060292466,-0.002577462716887028,-0.04270266735565941
0.0099,-0.0004,23.56184441342899,-0.0016205761025855456,-0.03245902494825152
0.01,-0.0004,0.0,0.0,0.0
0.0,-0.0003,0.0,0.0,0.0
0.0001,-0.0003,11.711016859042013,-0.004249524060771064,0.02215582185965667
0.0002,-0.0003,12.29935654036874,-0.005812874348909953,0.027264614395871408
0.0003,-0.0003,12.95904121950386,-0.003372852471395639,0.02551466427777787
0.0004,-0.0003,13.591045353694463,0.0005790038953409114,0.021764580494885877
0.0005,-0.0003,14.105991764810728,0.005908349491375637,0.017948621637933558
0.0006,-0.0003,14.50435653113996,0.011283396991516727,0.014755210819441849
0.0007,-0.0003,14.804219239991518,0.016166115487352715,0.012305718454320906
0.0008,-0.0003,15.026666227479442,0.020814724979575344,0.010270519420922148
0.0009,-0.0003,15.19770071795042,0.024865664782420117,0.008734797311995234
0.001,-0.0003,15.328650772525126,0.028619383655678666,0.0075287855122637345
0.0011,-0.0003,15.433446614244572,0.03201749685749895,0.00656676463061126
0.0012,-0.0003,15.52003014955122,0.03509263029096492,0.005801177834098649
0.0013,-0.0003,15.591081048378172,0.037880681154563486,0.005159809259571122
0.0014,-0.0003,15.648949102521831,0.04040854740764095,0.0046118453502239825
0.0015,-0.0003,15.69697094895183,0.04271208479570298,0.0041602412277827695
0.0016,-0.0003,15.73688041059541,0.04481917076650569,0.003792089680371618
0.0017,-0.0003,15.769564890688526,0.046756455358705554,0.0034591486240503084
0.0018,-0.0003,15.796312191648585,0.0485409598809094,0.003182807975527379
0.0019,-0.0003,15.817737795825668,0.05020209941345678,0.0029568088026894254
0.002,-0.0003,15.83421691502499,0.051765025760799596,0.0027429140866935082
0.0021,-0.0003,15.846361801715087,0.053229970310264794,0.0025577609840708223
0.0022,-0.0003,15.855257485322957,0.05460852896557361,0.002404761228708869
0.0023,-0.0003,15.861189446781907,0.05591852071723168,0.0022570654546748
0.0024,-0.0003,15.863898235817542,0.057156238124506334,0.0021246318797137954
0.0025,-0.0003,15.864238813283842,0.058325971400107236,0.002011238518080224
0.0026,-0.0003,15.862270659262146,0.05943875344386541,0.001891153155910191
0.0027,-0.0003,15.857547878441876,0.06049655508035465,0.001789061597625415
0.0028,-0.0003,15.850998165793921,0.06150600725284175,0.0017088709643670655
0.0029,-0.0003,15.843108432229732,0.062471776186596585,0.001632471296374777
0.003,-0.0003,15.833427178339821,0.06339956905207238,0.0015591167865339148
0.0031,-0.0003,15.821771255071852,0.06429227758983272,0.0014955182625273865
0.0032,-0.0003,15.808180559533259,0.06515397017379398,0.0014427636409329984
0.0033,-0.0003,15.79278261279944,0.06599048328144608,0.0013950473849409241
0.0034,-0.0003,15.77585956841488,0.0668017772991218,0.0013480975759031571
0.0035,-0.0003,15.757591583578611,0.06758755207364121,0.0013009970011058662
0.0036,-0.0003,15.738210803007368,0.06834771074920808,0.0012509059486786422
0.0037,-0.0003,15.718168278063885,0.06907839380410959,0.001197446557017716
0.0038,-0.0003,15.697731462023842,0.06977739086746931,0.0011453480644550867
0.0039,-0.0003,15.676809430202896,0.07044899066068472,0.0010985481665418478
0.004,-0.0003,15.655271290888482,0.0710981815212861,0.001055673475114348
0.0041,-0.0003,15.633190983702024,0.0717259377876236,0.0010141041648039717
0.0042,-0.0003,15.610746225625748,0.07233167924934941,0.0009722478328903523
0.0043,-0.0003,15.588122317635966,0.07291442851044043,0.0009299200362030652
0.0044,-0.0003,15.565475662894888,0.07347357650102779,0.0008879062200577814
0.0045,-0.0003,15.542946127614227,0.07400912314782782,0.000846273311174901
0.0046,-0.0003,15.520685392015087,0.07452103208629368,0.0008046165712784232
0.0047,-0.0003,15.49885011755886,0.07500922442020666,0.0007626416081921866
0.0048,-0.0003,15.477597601224247,0.07547355880708799,0.0007201745608409958
0.0049,-0.0003,15.457092252441527,0.07591379449955461,0.0006770864338336017
0.005,-0.0003,15.437503888206715,0.07632950059091512,0.0006332272786209927
0.0051,-0.0003,15.41901517830824,0.07672024402199257,0.0005885180209896213
0.0052,-0.0003,15.401807409644364,0.07708519356010318,0.0005427454206983951
0.0053,-0.0003,15.386061398471266,0.07742447944776204,0.0004955075933491652
0.0054,-0.0003,15.371977187774856,0.07773732430807859,0.0004467682082732436
0.0055,-0.0003,15.359748527748208,0.0780224607084056,0.0003968955257628605
0.0056,-0.0003,15.349622620342391,0.07827902052004101,0.0003472499241715026
0.0057,-0.0003,15.341843856876391,0.07850533727380385,0.00029648447152485255
0.0058,-0.0003,15.336531277773984,0.07870329376721617,0.00024235562318829085
0.0059,-0.0003,15.333783204602614,0.07886944739885096,0.0001849536986861997
0.006,-0.0003,15.334212998517888,0.07900294716255206,0.00012646931308106987
0.0061,-0.0003,15.337974978127928,0.07910248062372667,6.64549028485311e-05
0.0062,-0.0003,15.344992358116652,0.0791689197128868,7.98197004151622e-06
0.0063,-0.0003,15.35567766130904,0.0792001070638064,-5.641905110259214e-05
0.0064,-0.0003,15.370528045003606,0.07918983586784033,-0.00012409221176493942
0.0065,-0.0003,15.389558338798642,0.07914372534439211,-0.0001934824994655899
0.0066,-0.0003,15.41307692390328,0.07905806124099084,-0.000265356662179049
0.0067,-0.0003,15.44144830739529,0.0789295639706634,-0.0003379111294864783
0.0068,-0.0003,15.474759954654727,0.07875783048404955,-0.0004160364856360797
0.0069,-0.0003,15.51361602334619,0.07854024337479071,-0.0004961571156360073
0.007,-0.0003,15.558202977796046,0.07827560908572628,-0.0005799934569243815
0.0071,-0.0003,15.608848625964939,0.07796103659752682,-0.0006659751159790269
0.0072,-0.0003,15.665909873725091,0.07759547196751268,-0.0007550974553721823
0.0073,-0.0003,15.729639235473003,0.07717678806188462,-0.000848573745379881
0.0074,-0.0003,15.800472549714506,0.07670148245220276,-0.0009469086228644292
0.0075,-0.0003,15.878823720891354,0.07616654324243918,-0.0010506715073107565
0.0076,-0.0003,15.96511659888141,0.0755686613764121,-0.0011607815355845323
0.0077,-0.0003,16.05982218612161,0.07490389901317004,-0.001278522127964625
0.0078,-0.0003,16.163468714324637,0.07416756856378627,-0.0014056055195827222
0.0079,-0.0003,16.276659185147395,0.07335401249772734,-0.0015442829201247326
0.008,-0.0003,16.400095219820297,0.0724563019519206,-0.0016975032322560115
0.0081,-0.0003,16.53460942748414,0.071465852928904,-0.0018691302305296146
0.0082,-0.0003,16.68120589652431,0.07037189653309496,-0.0020642458191202826
0.0083,-0.0003,16.841115790494054,0.06916074908306462,-0.0022895916756344396
0.0084,-0.0003,17.0158694832128,0.06781476152817778,-0.0025542481526880296
0.0085,-0.0003,17.20739448413963,0.06631073055893714,-0.002870735281658643
0.0086,-0.0003,17.418148471594833,0.06461748916609775,-0.003256822063320419
0.0087,-0.0003,17.65130603731636,0.06269211619411619,-0.003738513555711381
0.0088,-0.0003,17.911019720224385,0.060474266650942535,-0.004354761145378911
0.0089,-0.0003,18.20283482042401,0.0578782485691358,-0.00516434770490816
0.009,-0.0003,18.534243527201937,0.05478349398626138,-0.0062541122307439
0.0091,-0.0003,18.91567230424713,0.051027420892945256,-0.0077470688886853295
0.0092,-0.0003,19.361501809252413,0.04640414362138691,-0.009804429050635168
0.0093,-0.0003,19.892060425847305,0.04068399982864099,-0.012629738085319791
0.0094,-0.0003,20.53458604136273,0.03365735139716345,-0.016469728375400228
0.0095,-0.0003,21.323772098277196,0.02522796764754431,-0.021611573771175972
0.0096,-0.0003,22.292741810063298,0.01574465884438614,-0.028076374346075694
0.0097,-0.0003,23.41341887281703,0.0062491948585007276,-0.03558367633168556
0.0098,-0.0003,24.56872558785358,0.0004546284906324005,-0.04022557051405506
0.0099,-0.0003,25.427579136154762,-0.0005133058435805426,-0.03290181380442894
0.01,-0.0003,0.0,0.0,0.0
0.0,-0.0002,0.0,0.0,0.0
0.0001,-0.0002,9.676570659358973,-0.0030470539030425983,0.025197099898273935
0.0002,-0.0002,11.44765584052763,0.0004185117122212288,0.025223171934812293
0.0003,-0.0002,12.74637352019552,0.008096552089452095,0.02063782379329843
0.0004,-0.0002,13.662743499557868,0.015792709210064527,0.015889899528233793
0.0005,-0.0002,14.264986928226957,0.023120600752936284,0.012087537316084274
0.0006,-0.0002,14.680035988664088,0.02951689432018648,0.009324910914941108
0.0007,-0.0002,14.969186310525215,0.03496285330901794,0.007432801361804037
0.0008,-0.0002,15.176563297096296,0.03961138098488016,0.006023814022542887
0.0009,-0.0002,15.32962701862088,0.04354873641087549,0.0050006664309288195
0.001,-0.0002,15.445032393429226,0.04696151732054664,0.004209854639893185
0.0011,-0.0002,15.53651957328059,0.04991201216598285,0.0035967919608543676
0.0012,-0.0002,15.610951163706279,0.05250898381440494,0.0031310436464148184
0.0013,-0.0002,15.671763267063799,0.05481679135351186,0.002762894026788966
0.0014,-0.0002,15.721521116675431,0.0568807686433176,0.0024550649455282753
0.0015,-0.0002,15.762658967035259,0.05873286081757143,0.002193149454175036
0.0016,-0.0002,15.796203326929266,0.06041136323527504,0.0019813847863764354
0.0017,-0.0002,15.82378516110465,0.061968202190662194,0.0018187254023817267
0.0018,-0.0002,15.846480811558825,0.06336578633572887,0.0016643314718763579
0.0019,-0.0002,15.863966528178208,0.0646490086406206,0.0015178223414664099
0.002,-0.0002,15.877540416605568,0.0658665496214294,0.0014205912063827608
0.0021,-0.0002,15.887593483404798,0.06698874857493438,0.0013516665095586584
0.0022,-0.0002,15.893545868070978,0.06805733462870082,0.001245924987994181
0.0023,-0.0002,15.896639266047028,0.06904004119678214,0.0011505095222648044
0.0024,-0.0002,15.897135239015723,0.0699658095905014,0.0010840002795266751
0.0025,-0.0002,15.89566111725682,0.07086169401041201,0.0010092130324856339
0.0026,-0.0002,15.892623488668303,0.0716823515724796,0.0009541944412602356
0.0027,-0.0002,15.886405484266458,0.07246241582256382,0.0009091277084487338
0.0028,-0.0002,15.878023825084663,0.0732165427500325,0.0008607523476955941
0.0029,-0.0002,15.868850110232728,0.0739314135389956,0.0008151808612727565
0.003,-0.0002,15.858119525865098,0.07461194655826563,0.000777614592179888
0.0031,-0.0002,15.84528985530879,0.07526610285817133,0.0007466235649381469
0.0032,-0.0002,15.83060223022775,0.07589626019096675,0.0007193855163844741
0.0033,-0.0002,15.814347224703189,0.07650477325527617,0.0006930945866670944
0.0034,-0.0002,15.79671430515521,0.0770924098830761,0.0006666274247764114
0.0035,-0.0002,15.777850553273495,0.07765934914995816,0.0006394454163147038
0.0036,-0.0002,15.757971385923863,0.07820491057597226,0.0006107481526105189
0.0037,-0.0002,15.737347642299898,0.0787279519718148,0.0005814746388404454
0.0038,-0.0002,15.71614672124601,0.07922853892466879,0.0005540093475407962
0.0039,-0.0002,15.694402405696813,0.07970838144355608,0.0005296330348329946
0.004,-0.0002,15.672130854095876,0.08016943184843364,0.0005076369598669188
0.0041,-0.0002,15.649409736701811,0.08061269756797226,0.00048680480439380983
0.0042,-0.0002,15.626369384355364,0.081038411173627,0.0004662875188974448
0.0043,-0.0002,15.603165215974027,0.08144643128134674,0.0004456570459828472
0.0044,-0.0002,15.579953245304985,0.08183663196533346,0.0004247867369640366
0.0045,-0.0002,15.556879384661359,0.08220903898865142,0.0004037106335661977
0.0046,-0.0002,15.53408798084286,0.08256364832609582,0.00038247603423549934
0.0047,-0.0002,15.51172872767975,0.08290036901425082,0.00036108778306077763
0.0048,-0.0002,15.489957884558777,0.08321902884379206,0.0003394990198449031
0.0049,-0.0002,15.46893975954343,0.08351941526651777,0.00031763097571772353
0.005,-0.0002,15.448843323068619,0.08380122448477507,0.0002953994113165308
0.0051,-0.0002,15.42984576608657,0.0840641790744439,0.00027276183894234485
0.0052,-0.0002,15.412121980875105,0.0843078714447647,0.0002496747625481431
0.0053,-0.0002,15.395862099813224,0.08453201944984699,0.00022613316949152007
0.0054,-0.0002,15.381277051883215,0.08473568199538013,0.00020166063022067032
0.0055,-0.0002,15.368532307376778,0.08491832438719452,0.00017638293467356548
0.0056,-0.0002,15.357843875632149,0.08508025294848001,0.00015080283606622071
0.0057,-0.0002,15.349598009042701,0.08522057491134055,0.000123464220049901
0.0058,-0.0002,15.343891251365598,0.08533561002421655,9.487840649943881e-05
0.0059,-0.0002,15.340661917954364,0.08543170959089293,6.805474194295116e-05
0.006,-0.0002,15.340297984700223,0.0855033073018535,3.813454583638797e-05
0.0061,-0.0002,15.343058385256148,0.0855455303700577,5.800711926994745e-06
0.0062,-0.0002,15.349506043715566,0.085565648893593,-2.2469456156835203e-05
0.0063,-0.0002,15.359824540374953,0.08555788089376733,-5.619864948520485e-05
0.0064,-0.0002,15.374199369063414,0.0855193353303891,-8.9234577331175e-05
0.0065,-0.0002,15.392976339509774,0.08545697647675332,-0.00012575192888590977
0.0066,-0.0002,15.415575894926029,0.08536695408863233,-0.00015727392607458606
0.0067,-0.0002,15.443158524270565,0.08524027429780674,-0.0001889125783916931
0.0068,-0.0002,15.476227165881708,0.08508349917998867,-0.00023396357284171862
0.0069,-0.0002,15.51424458322484,0.08489659453110032,-0.0002754765838544096
0.007,-0.0002,15.557951108731064,0.08467410690122743,-0.00031748652045579377
0.0071,-0.0002,15.607758762651079,0.0844153577430706,-0.0003606333875658543
0.0072,-0.0002,15.663905953415602,0.08411969605933844,-0.0004050227736615542
0.0073,-0.0002,15.726718218055845,0.08378567103726897,-0.0004514641811453451
0.0074,-0.0002,15.796580380290784,0.0834112802334788,-0.0005003398465217168
0.0075,-0.0002,15.873897339929906,0.0829943798879082,-0.0005519757563912051
0.0076,-0.0002,15.95909963409212,0.08253255852203879,-0.0006068694999361969
0.0077,-0.0002,16.052661327005758,0.08202294242784892,-0.0006657217938140011
0.0078,-0.0002,16.155114480533467,0.08146205466976679,-0.0007294797281624816
0.0079,-0.0002,16.267067699222,0.08084561302770679,-0.0007993997972880928
0.008,-0.0002,16.38923199991233,0.08016828140777382,-0.0008771314189979264
0.0081,-0.0002,16.522452388623915,0.07942333894327316,-0.0009648327471117001
0.0082,-0.0002,16.667751943177333,0.07860224706847982,-0.0010653321596770177
0.0083,-0.0002,16.82638818916675,0.07769405488596293,-0.0011823576464151462
0.0084,-0.0002,16.99992964778665,0.0766845767825425,-0.0013208801534436191
0.0085,-0.0002,17.19035809365586,0.07555518835625115,-0.0014876548604933872
0.0086,-0.0002,17.40020147609285,0.07428099026093465,-0.001692113007426731
0.0087,-0.0002,17.632736602546792,0.07282799113588741,-0.0019479071897699385
0.0088,-0.0002,17.892237207138145,0.07114842379224924,-0.00227543640978688
0.0089,-0.0002,18.184445066290515,0.06917408961854782,-0.0027061749477202755
0.009,-0.0002,18.51705997194736,0.06680490530489971,-0.0032885121719287962
0.0091,-0.0002,18.901126678788106,0.06389813727536038,-0.004097303207593569
0.0092,-0.0002,19.351909994603826,0.06024667493337417,-0.00524064110566917
0.0093,-0.0002,19.893782627255298,0.05558349855892101,-0.006882332450611093
0.0094,-0.0002,20.56094276203735,0.049538198720344415,-0.009251405393281103
0.0095,-0.0002,21.416816387204122,0.04175016091797694,-0.012763922404047912
0.0096,-0.0002,22.540663516743365,0.03181045059462135,-0.017779390600411418
0.0097,-0.0002,24.054566532344964,0.020012168141257985,-0.02487977162328986
0.0098,-0.0002,25.992135501205,0.007225103260220031,-0.032630599337506415
0.0099,-0.0002,28.266544269197347,-0.0008435109924005329,-0.03400569409209522
0.01,-0.0002,0.0,0.0,0.0
0.0,-0.0001,0.0,0.0,0.0
0.0001,-0.0001,6.3912450158419585,0.013550694437781955,0.017100349747418236
0.0002,-0.0001,10.641446158410384,0.02379686268091467,0.01453014508601767
0.0003,-0.0001,12.632077413646767,0.03692681751278017,0.010499209132165984
0.0004,-0.0001,13.79367348755595,0.04608129001943054,0.007325872494628328
0.0005,-0.0001,14.43983470927491,0.05313132038233705,0.005203779096253324
0.0006,-0.0001,14.85190147062404,0.05840139754249301,0.0037995449480068806
0.0007,-0.0001,15.120134178624996,0.062496220863737253,0.0029016855053495593
0.0008,-0.0001,15.306685854750791,0.06574855299282643,0.0022910972077019366
0.0009,-0.0001,15.441427840806215,0.06839480981958634,0.0018658838650672115
0.001,-0.0001,15.542605424899767,0.07059382349021402,0.0015451885404483832
0.0011,-0.0001,15.621936050931211,0.07243876966228902,0.001301104241905301
0.0012,-0.0001,15.685890906295763,0.07401809802236636,0.0011165346376705988
0.0013,-0.0001,15.738030901555327,0.0753937065649491,0.0009760316252546798
0.0014,-0.0001,15.780693164550017,0.07661081716575568,0.0008650131289364082
0.0015,-0.0001,15.816045406792409,0.07768912819119674,0.0007620938109721841
0.0016,-0.0001,15.844362169186473,0.07864974523353284,0.0006729623768145835
0.0017,-0.0001,15.867417764702884,0.07954756765916912,0.0006262562713305994
0.0018,-0.0001,15.886757034320267,0.08034114912034421,0.0005722470970790049
0.0019,-0.0001,15.901427046864791,0.08107406372366777,0.0005112122412878576
0.002,-0.0001,15.910711354352017,0.08174551623329948,0.00047188072794508744
0.0021,-0.0001,15.917337208368696,0.08238570785567886,0.0004374733700691853
0.0022,-0.0001,15.924053461169645,0.08298648904414775,0.00041476218722661913
0.0023,-0.0001,15.925798075785272,0.08350458385923369,0.0003889160573855871
0.0024,-0.0001,15.923488358603041,0.08403226671952571,0.00035314059682374385
0.0025,-0.0001,15.921301829847543,0.08451895935610454,0.00032508195513465324
0.0026,-0.0001,15.916989536426254,0.08495196972376351,0.0003177492616667349
0.0027,-0.0001,15.909489888245078,0.08537085164450925,0.0003073028924960191
0.0028,-0.0001,15.900000535747328,0.08578086619988615,0.00028276657453775905
0.0029,-0.0001,15.889554480368442,0.08616260944011088,0.0002618280458632114
0.003,-0.0001,15.877672081066171,0.08652059857963867,0.000249927795262115
0.0031,-0.0001,15.863981644194144,0.08686406290891148,0.00024134148388780844
0.0032,-0.0001,15.848594350673684,0.08719494583563203,0.00023259878683614963
0.0033,-0.0001,15.831686969085986,0.08751353953222371,0.0002234464023287926
0.0034,-0.0001,15.81341585774381,0.08781980681275434,0.0002143081260928301
0.0035,-0.0001,15.79395113277476,0.08811373351707864,0.00020519957400443864
0.0036,-0.0001,15.773496470171823,0.08839502499290806,0.00019594544073511813
0.0037,-0.0001,15.752264369211247,0.08866325609603724,0.00018670846274492666
0.0038,-0.0001,15.730420566752448,0.08891857641828363,0.00017789629199458745
0.0039,-0.0001,15.708055213537877,0.08916193237045464,0.00016976457622950837
0.004,-0.0001,15.68522404297165,0.08939447676883942,0.00016223981571688716
0.0041,-0.0001,15.662001696267833,0.0896169934006691,0.0001550361589184379
0.0042,-0.0001,15.638495399222872,0.08982984444942257,0.00014789778407419367
0.0043,-0.0001,15.614835232585985,0.09003312502465428,0.00014072492281297074
0.0044,-0.0001,15.591162704882512,0.09022682060214332,0.00013355610579108434
0.0045,-0.0001,15.56762402282548,0.0904108870457834,0.00012643846757026732
0.0046,-0.0001,15.544368608617992,0.09058527679849059,0.00011936074511010232
0.0047,-0.0001,15.521549339292982,0.09074993729713991,0.00011227547466900837
0.0048,-0.0001,15.499323130698565,0.09090478362229182,0.00010513019356838438
0.0049,-0.0001,15.477852791421011,0.09104971296586908,9.788520381016533e-05
0.005,-0.0001,15.457305870314102,0.09118456155842987,9.050385807357358e-05
0.0051,-0.0001,15.437857569263727,0.09130918657386344,8.296786810601105e-05
0.0052,-0.0001,15.419685944050288,0.0914233148121258,7.521771654301262e-05
0.0053,-0.0001,15.402983660563875,0.09152686644154409,6.715598181272143e-05
0.0054,-0.0001,15.387962464619768,0.09161897861030216,5.9112431047110236e-05
0.0055,-0.0001,15.37475144139599,0.09169917064459279,5.123685281246652e-05
0.0056,-0.0001,15.36348737211039,0.09176995984721811,4.202554695158479e-05
0.0057,-0.0001,15.354742129031456,0.09183049857355165,3.1330332987436974e-05
0.0058,-0.0001,15.348655335257629,0.0918706001275339,2.0754306248811858e-05
0.0059,-0.0001,15.344930556695966,0.09190197946860958,1.2674064890818899e-05
0.006,-0.0001,15.344122844530697,0.09192551594678987,3.134267519477283e-06
0.0061,-0.0001,15.346624080546219,0.09192770505654231,-1.5141022918326192e-05
0.0062,-0.0001,15.35275496468036,0.09191811102100253,-2.8097285737950613e-05
0.0063,-0.0001,15.362475832132933,0.09189609220091625,-4.0866518527455184e-05
0.0064,-0.0001,15.375813365492585,0.09185869693907403,-5.1584741358849845e-05
0.0065,-0.0001,15.39365049707461,0.09180501292323334,-5.5796629888418225e-05
0.0066,-0.0001,15.41599775764846,0.09173448668915486,-6.482889309560232e-05
0.0067,-0.0001,15.443013140183318,0.09164756769676165,-7.682654635470314e-05
0.0068,-0.0001,15.475177677479413,0.09154345596548322,-9.017080275647421e-05
0.0069,-0.0001,15.51260052765348,0.09142248405927356,-0.0001020924350223686
0.007,-0.0001,15.555631798109385,0.09128276335474231,-0.00011558644748591058
0.0071,-0.0001,15.604645193863746,0.09112361021334163,-0.00012983592155290573
0.0072,-0.0001,15.6599524399408,0.09094461379625017,-0.00014470806669599731
0.0073,-0.0001,15.72188889908503,0.09074505279122365,-0.00016027965030648852
0.0074,-0.0001,15.790822261241688,0.0905239308497183,-0.00017667384061382057
0.0075,-0.0001,15.867149773425643,0.09028006747659435,-0.00019402554539214953
0.0076,-0.0001,15.951300906232117,0.09001208987678387,-0.000212524888988803
0.0077,-0.0001,16.043747362325952,0.08971834269249092,-0.00023243969360794734
0.0078,-0.0001,16.145018193767974,0.08939678385212549,-0.0002541324019937373
0.0079,-0.0001,16.255719088459923,0.08904484829408242,-0.00027808365096482484
0.008,-0.0001,16.37655693003982,0.08865928394977203,-0.00030492360008460524
0.0081,-0.0001,16.508373302134764,0.08823593699087852,-0.0003354745284785981
0.0082,-0.0001,16.652187280234788,0.08776947236972672,-0.00037080907320679354
0.0083,-0.0001,16.80925365847757,0.08725300704167487,-0.0004123298137550535
0.0084,-0.0001,16.981137449107568,0.0866776073848163,-0.0004618851142343754
0.0085,-0.0001,17.169818098770783,0.08603159305621225,-0.0005219460719727538
0.0086,-0.0001,17.37781876800794,0.08529948572036243,-0.0005958981281936644
0.0087,-0.0001,17.6084137186946,0.08446052560759741,-0.0006885449513616055
0.0088,-0.0001,17.865854667428184,0.08348587056218938,-0.0008069761095733254
0.0089,-0.0001,18.155885968956262,0.0823352173918812,-0.0009621691346653934
0.009,-0.0001,18.48612152363138,0.08094798186908174,-0.0011713942996650864
0.0091,-0.0001,18.867847005005682,0.0792380260323523,-0.0014630112969238856
0.0092,-0.0001,19.31623963129309,0.0770632028925502,-0.0018809766128221315
0.0093,-0.0001,19.858879327006953,0.07423862346155952,-0.0025008149470391607
0.0094,-0.0001,20.531865191618795,0.07040303099075705,-0.00343704876070266
0.0095,-0.0001,21.428508848247926,0.06520988325388072,-0.0049424036817045615
0.0096,-0.0001,22.645776656923683,0.05755797426565873,-0.0073130483663773555
0.0097,-0.0001,24.597673978881406,0.04730014329945318,-0.011413287688293179
0.0098,-0.0001,27.515629994273716,0.031087770400799547,-0.01702897459186167
0.0099,-0.0001,32.698974056457686,0.017195039598437337,-0.02072562037298506
0.01,-0.0001,0.0,0.0,0.0
0.0,0.0,0.0,0.1,0.0
0.0001,0.0,0.0,0.1,0.0
0.0002,0.0,0.0,0.1,0.0
0.0003,0.0,0.0,0.1,0.0
0.0004,0.0,0.0,0.1,0.0
0.0005,0.0,0.0,0.1,0.0
0.0006,0.0,0.0,0.1,0.0
0.0007,0.0,0.0,0.1,0.0
0.0008,0.0,0.0,0.1,0.0
0.0009,0.0,0.0,0.1,0.0
0.001,0.0,0.0,0.1,0.0
0.0011,0.0,0.0,0.1,0.0
0.0012,0.0,0.0,0.1,0.0
0.0013,0.0,0.0,0.1,0.0
0.0014,0.0,0.0,0.1,0.0
0.0015,0.0,0.0,0.1,0.0
0.0016,0.0,0.0,0.1,0.0
0.0017,0.0,0.0,0.1,0.0
0.0018,0.0,0.0,0.1,0.0
0.0019,0.0,0.0,0.1,0.0
0.002,0.0,0.0,0.1,0.0
0.0021,0.0,0.0,0.1,0.0
0.0022,0.0,0.0,0.1,0.0
0.0023,0.0,0.0,0.1,0.0
0.0024,0.0,0.0,0.1,0.0
0.0025,0.0,0.0,0.1,0.0
0.0026,0.0,0.0,0.1,0.0
0.0027,0.0,0.0,0.1,0.0
0.0028,0.0,0.0,0.1,0.0
0.0029,0.0,0.0,0.1,0.0
0.003,0.0,0.0,0.1,0.0
0.0031,0.0,0.0,0.1,0.0
0.0032,0.0,0.0,0.1,0.0
0.0033,0.0,0.0,0.1,0.0
0.0034,0.0,0.0,0.1,0.0
0.0035,0.0,0.0,0.1,0.0
0.0036,0.0,0.0,0.1,0.0
0.0037,0.0,0.0,0.1,0.0
0.0038,0.0,0.0,0.1,0.0
0.0039,0.0,0.0,0.1,0.0
0.004,0.0,0.0,0.1,0.0
0.0041,0.0,0.0,0.1,0.0
0.0042,0.0,0.0,0.1,0.0
0.0043,0.0,0.0,0.1,0.0
0.0044,0.0,0.0,0.1,0.0
0.0045,0.0,0.0,0.1,0.0
0.0046,0.0,0.0,0.1,0.0
0.0047,0.0,0.0,0.1,0.0
0.0048,0.0,0.0,0.1,0.0
0.0049,0.0,0.0,0.1,0.0
0.005,0.0,0.0,0.1,0.0
0.0051,0.0,0.0,0.1,0.0
0.0052,0.0,0.0,0.1,0.0
0.0053,0.0,0.0,0.1,0.0
0.0054,0.0,0.0,0.1,0.0
0.0055,0.0,0.0,0.1,0.0
0.0056,0.0,0.0,0.1,0.0
0.0057,0.0,0.0,0.1,0.0
0.0058,0.0,0.0,0.1,0.0
0.0059,0.0,0.0,0.1,0.0
0.006,0.0,0.0,0.1,0.0
0.0061,0.0,0.0,0.1,0.0
0.0062,0.0,0.0,0.1,0.0
0.0063,0.0,0.0,0.1,0.0
0.0064,0.0,0.0,0.1,0.0
0.0065,0.0,0.0,0.1,0.0
0.0066,0.0,0.0,0.1,0.0
0.0067,0.0,0.0,0.1,0.0
0.0068,0.0,0.0,0.1,0.0
0.0069,0.0,0.0,0.1,0.0
0.007,0.0,0.0,0.1,0.0
0.0071,0.0,0.0,0.1,0.0
0.0072,0.0,0.0,0.1,0.0
0.0073,0.0,0.0,0.1,0.0
0.0074,0.0,0.0,0.1,0.0
0.0075,0.0,0.0,0.1,0.0
0.0076,0.0,0.0,0.1,0.0
0.0077,0.0,0.0,0.1,0.0
0.0078,0.0,0.0,0.1,0.0
0.0079,0.0,0.0,0.1,0.0
0.008,0.0,0.0,0.1,0.0
0.0081,0.0,0.0,0.1,0.0
0.0082,0.0,0.0,0.1,0.0
0.0083,0.0,0.0,0.1,0.0
0.0084,0.0,0.0,0.1,0.0
0.0085,0.0,0.0,0.1,0.0
0.0086,0.0,0.0,0.1,0.0
0.0087,0.0,0.0,0.1,0.0
0.0088,0.0,0.0,0.1,0.0
0.0089,0.0,0.0,0.1,0.0
0.009,0.0,0.0,0.1,0.0
0.0091,0.0,0.0,0.1,0.0
0.0092,0.0,0.0,0.1,0.0
0.0093,0.0,0.0,0.1,0.0
0.0094,0.0,0.0,0.1,0.0
0.0095,0.0,0.0,0.1,0.0
0.0096,0.0,0.0,0.1,0.0
0.0097,0.0,0.0,0.1,0.0
0.0098,0.0,0.0,0.1,0.0
0.0099,0.0,0.0,0.1,0.0
0.01,0.0,0.0,0.1,0.0
